"","V1","V2","V3","V4","V5","V6","V7","V8","V9","V10"
"1",0.0983606557377049,0.0983606557377049,0.0819672131147541,0.0819672131147541,0.0983606557377049,0.180327868852459,0.0983606557377049,0.0819672131147541,0.0819672131147541,0.0983606557377049
"2",0.17741935483871,0.0806451612903226,0.0806451612903226,0.0806451612903226,0.0967741935483871,0.0806451612903226,0.0967741935483871,0.112903225806452,0.0806451612903226,0.112903225806452
"3",0.137931034482759,0.120689655172414,0.0862068965517241,0.0862068965517241,0.0862068965517241,0.103448275862069,0.103448275862069,0.0862068965517241,0.0862068965517241,0.103448275862069
"4",0.101694915254237,0.0847457627118644,0.101694915254237,0.0847457627118644,0.0847457627118644,0.0847457627118644,0.0847457627118644,0.0847457627118644,0.203389830508475,0.0847457627118644
"5",0.125,0.15625,0.078125,0.109375,0.078125,0.09375,0.09375,0.078125,0.09375,0.09375
"6",0.111111111111111,0.0925925925925926,0.111111111111111,0.0925925925925926,0.111111111111111,0.0925925925925926,0.111111111111111,0.0925925925925926,0.0925925925925926,0.0925925925925926
"7",0.0967741935483871,0.0967741935483871,0.0806451612903226,0.0806451612903226,0.0967741935483871,0.0967741935483871,0.112903225806452,0.129032258064516,0.112903225806452,0.0967741935483871
"8",0.116666666666667,0.0833333333333333,0.1,0.0833333333333333,0.0833333333333333,0.116666666666667,0.0833333333333333,0.116666666666667,0.116666666666667,0.1
"9",0.0793650793650794,0.0793650793650794,0.111111111111111,0.0793650793650794,0.0952380952380952,0.158730158730159,0.0952380952380952,0.126984126984127,0.0793650793650794,0.0952380952380952
"10",0.131147540983607,0.163934426229508,0.0819672131147541,0.0819672131147541,0.0819672131147541,0.114754098360656,0.0819672131147541,0.0819672131147541,0.0819672131147541,0.0983606557377049
"11",0.152542372881356,0.0847457627118644,0.101694915254237,0.11864406779661,0.0847457627118644,0.0847457627118644,0.0847457627118644,0.101694915254237,0.101694915254237,0.0847457627118644
"12",0.1,0.133333333333333,0.0833333333333333,0.0833333333333333,0.0833333333333333,0.0833333333333333,0.116666666666667,0.1,0.1,0.116666666666667
"13",0.0925925925925926,0.0925925925925926,0.0925925925925926,0.0925925925925926,0.0925925925925926,0.0925925925925926,0.111111111111111,0.111111111111111,0.12962962962963,0.0925925925925926
"14",0.0806451612903226,0.0806451612903226,0.0806451612903226,0.0806451612903226,0.112903225806452,0.112903225806452,0.0967741935483871,0.112903225806452,0.0967741935483871,0.145161290322581
"15",0.140625,0.09375,0.109375,0.09375,0.09375,0.078125,0.09375,0.109375,0.109375,0.078125
"16",0.0833333333333333,0.133333333333333,0.116666666666667,0.0833333333333333,0.0833333333333333,0.0833333333333333,0.116666666666667,0.0833333333333333,0.116666666666667,0.1
"17",0.0819672131147541,0.0983606557377049,0.0983606557377049,0.0819672131147541,0.0819672131147541,0.0983606557377049,0.0983606557377049,0.131147540983607,0.0983606557377049,0.131147540983607
"18",0.133333333333333,0.0833333333333333,0.116666666666667,0.0833333333333333,0.1,0.0833333333333333,0.1,0.0833333333333333,0.133333333333333,0.0833333333333333
"19",0.114754098360656,0.0983606557377049,0.0983606557377049,0.0819672131147541,0.0983606557377049,0.147540983606557,0.0983606557377049,0.0983606557377049,0.0819672131147541,0.0819672131147541
"20",0.158730158730159,0.111111111111111,0.0793650793650794,0.0793650793650794,0.0952380952380952,0.0793650793650794,0.0952380952380952,0.0793650793650794,0.0952380952380952,0.126984126984127
"21",0.0833333333333333,0.0833333333333333,0.0833333333333333,0.183333333333333,0.0833333333333333,0.116666666666667,0.1,0.0833333333333333,0.0833333333333333,0.1
"22",0.0819672131147541,0.0983606557377049,0.0819672131147541,0.0819672131147541,0.0819672131147541,0.0819672131147541,0.0819672131147541,0.147540983606557,0.0983606557377049,0.163934426229508
"23",0.111111111111111,0.0952380952380952,0.111111111111111,0.0793650793650794,0.0952380952380952,0.0952380952380952,0.0952380952380952,0.111111111111111,0.111111111111111,0.0952380952380952
"24",0.133333333333333,0.1,0.0833333333333333,0.0833333333333333,0.0833333333333333,0.116666666666667,0.0833333333333333,0.0833333333333333,0.116666666666667,0.116666666666667
"25",0.135593220338983,0.0847457627118644,0.0847457627118644,0.101694915254237,0.11864406779661,0.0847457627118644,0.0847457627118644,0.101694915254237,0.0847457627118644,0.11864406779661
"26",0.0983606557377049,0.0983606557377049,0.0819672131147541,0.0983606557377049,0.0983606557377049,0.0819672131147541,0.0819672131147541,0.0983606557377049,0.114754098360656,0.147540983606557
"27",0.127272727272727,0.109090909090909,0.0909090909090909,0.0909090909090909,0.127272727272727,0.0909090909090909,0.0909090909090909,0.0909090909090909,0.0909090909090909,0.0909090909090909
"28",0.087719298245614,0.087719298245614,0.105263157894737,0.087719298245614,0.087719298245614,0.105263157894737,0.105263157894737,0.12280701754386,0.087719298245614,0.12280701754386
"29",0.0983606557377049,0.0819672131147541,0.114754098360656,0.0983606557377049,0.0819672131147541,0.0983606557377049,0.0819672131147541,0.0819672131147541,0.0983606557377049,0.163934426229508
"30",0.131147540983607,0.114754098360656,0.0983606557377049,0.0819672131147541,0.0819672131147541,0.131147540983607,0.0983606557377049,0.0983606557377049,0.0819672131147541,0.0819672131147541
"31",0.078125,0.09375,0.09375,0.109375,0.09375,0.09375,0.140625,0.078125,0.09375,0.125
"32",0.114754098360656,0.0819672131147541,0.0819672131147541,0.163934426229508,0.0983606557377049,0.0983606557377049,0.0819672131147541,0.0983606557377049,0.0983606557377049,0.0819672131147541
"33",0.0819672131147541,0.131147540983607,0.0983606557377049,0.0819672131147541,0.0819672131147541,0.0819672131147541,0.0819672131147541,0.114754098360656,0.0819672131147541,0.163934426229508
"34",0.183333333333333,0.1,0.0833333333333333,0.1,0.0833333333333333,0.0833333333333333,0.0833333333333333,0.116666666666667,0.0833333333333333,0.0833333333333333
"35",0.114754098360656,0.0983606557377049,0.0983606557377049,0.114754098360656,0.0819672131147541,0.114754098360656,0.0983606557377049,0.0983606557377049,0.0819672131147541,0.0983606557377049
"36",0.0983606557377049,0.0983606557377049,0.131147540983607,0.114754098360656,0.114754098360656,0.0983606557377049,0.0819672131147541,0.0819672131147541,0.0819672131147541,0.0983606557377049
"37",0.0862068965517241,0.0862068965517241,0.137931034482759,0.0862068965517241,0.103448275862069,0.0862068965517241,0.0862068965517241,0.103448275862069,0.103448275862069,0.120689655172414
"38",0.105263157894737,0.087719298245614,0.12280701754386,0.087719298245614,0.087719298245614,0.087719298245614,0.105263157894737,0.105263157894737,0.087719298245614,0.12280701754386
"39",0.0847457627118644,0.0847457627118644,0.0847457627118644,0.11864406779661,0.101694915254237,0.0847457627118644,0.101694915254237,0.135593220338983,0.0847457627118644,0.11864406779661
"40",0.0983606557377049,0.114754098360656,0.0819672131147541,0.0983606557377049,0.114754098360656,0.0819672131147541,0.114754098360656,0.0983606557377049,0.0983606557377049,0.0983606557377049
"41",0.11864406779661,0.101694915254237,0.169491525423729,0.0847457627118644,0.0847457627118644,0.0847457627118644,0.0847457627118644,0.0847457627118644,0.0847457627118644,0.101694915254237
"42",0.125,0.125,0.125,0.109375,0.09375,0.09375,0.078125,0.078125,0.09375,0.078125
"43",0.1,0.133333333333333,0.1,0.116666666666667,0.0833333333333333,0.0833333333333333,0.0833333333333333,0.1,0.116666666666667,0.0833333333333333
"44",0.180327868852459,0.0983606557377049,0.0819672131147541,0.0819672131147541,0.114754098360656,0.0819672131147541,0.0819672131147541,0.0819672131147541,0.114754098360656,0.0819672131147541
"45",0.087719298245614,0.105263157894737,0.105263157894737,0.105263157894737,0.087719298245614,0.105263157894737,0.087719298245614,0.105263157894737,0.105263157894737,0.105263157894737
"46",0.109375,0.09375,0.140625,0.09375,0.09375,0.09375,0.078125,0.109375,0.078125,0.109375
"47",0.2,0.0769230769230769,0.0769230769230769,0.0769230769230769,0.0769230769230769,0.0769230769230769,0.0923076923076923,0.0769230769230769,0.107692307692308,0.138461538461538
"48",0.174603174603175,0.111111111111111,0.111111111111111,0.0952380952380952,0.0952380952380952,0.0793650793650794,0.0793650793650794,0.0793650793650794,0.0793650793650794,0.0952380952380952
"49",0.0862068965517241,0.103448275862069,0.0862068965517241,0.103448275862069,0.120689655172414,0.103448275862069,0.0862068965517241,0.103448275862069,0.0862068965517241,0.120689655172414
"50",0.0983606557377049,0.0819672131147541,0.131147540983607,0.0819672131147541,0.0819672131147541,0.147540983606557,0.0819672131147541,0.0819672131147541,0.0819672131147541,0.131147540983607
"51",0.180327868852459,0.114754098360656,0.0819672131147541,0.0819672131147541,0.0983606557377049,0.0819672131147541,0.114754098360656,0.0819672131147541,0.0819672131147541,0.0819672131147541
"52",0.0862068965517241,0.0862068965517241,0.0862068965517241,0.0862068965517241,0.0862068965517241,0.189655172413793,0.0862068965517241,0.0862068965517241,0.103448275862069,0.103448275862069
"53",0.1,0.1,0.1,0.0833333333333333,0.1,0.116666666666667,0.1,0.116666666666667,0.1,0.0833333333333333
"54",0.0847457627118644,0.0847457627118644,0.152542372881356,0.101694915254237,0.101694915254237,0.101694915254237,0.0847457627118644,0.0847457627118644,0.0847457627118644,0.11864406779661
"55",0.0847457627118644,0.0847457627118644,0.135593220338983,0.101694915254237,0.101694915254237,0.0847457627118644,0.11864406779661,0.0847457627118644,0.101694915254237,0.101694915254237
"56",0.116666666666667,0.1,0.1,0.1,0.1,0.1,0.1,0.0833333333333333,0.1,0.1
"57",0.166666666666667,0.1,0.0833333333333333,0.0833333333333333,0.0833333333333333,0.1,0.0833333333333333,0.1,0.1,0.1
"58",0.131147540983607,0.0819672131147541,0.0819672131147541,0.0983606557377049,0.0983606557377049,0.131147540983607,0.0819672131147541,0.0983606557377049,0.114754098360656,0.0819672131147541
"59",0.142857142857143,0.0793650793650794,0.0793650793650794,0.0793650793650794,0.0793650793650794,0.158730158730159,0.0952380952380952,0.0952380952380952,0.0793650793650794,0.111111111111111
"60",0.126984126984127,0.111111111111111,0.0952380952380952,0.0952380952380952,0.0952380952380952,0.0793650793650794,0.111111111111111,0.0952380952380952,0.0793650793650794,0.111111111111111
"61",0.0793650793650794,0.0793650793650794,0.111111111111111,0.0793650793650794,0.111111111111111,0.142857142857143,0.0952380952380952,0.126984126984127,0.0952380952380952,0.0793650793650794
"62",0.1,0.133333333333333,0.0833333333333333,0.116666666666667,0.0833333333333333,0.0833333333333333,0.1,0.0833333333333333,0.116666666666667,0.1
"63",0.101694915254237,0.101694915254237,0.101694915254237,0.11864406779661,0.0847457627118644,0.11864406779661,0.0847457627118644,0.0847457627118644,0.0847457627118644,0.11864406779661
"64",0.0833333333333333,0.0833333333333333,0.116666666666667,0.133333333333333,0.0833333333333333,0.1,0.1,0.1,0.1,0.1
"65",0.145161290322581,0.0967741935483871,0.0806451612903226,0.129032258064516,0.0806451612903226,0.0806451612903226,0.0806451612903226,0.0967741935483871,0.112903225806452,0.0967741935483871
"66",0.114754098360656,0.0983606557377049,0.0819672131147541,0.0983606557377049,0.0819672131147541,0.0983606557377049,0.0819672131147541,0.114754098360656,0.131147540983607,0.0983606557377049
"67",0.116666666666667,0.1,0.0833333333333333,0.0833333333333333,0.133333333333333,0.0833333333333333,0.1,0.1,0.0833333333333333,0.116666666666667
"68",0.0983606557377049,0.0983606557377049,0.0983606557377049,0.131147540983607,0.0983606557377049,0.0819672131147541,0.0819672131147541,0.0983606557377049,0.114754098360656,0.0983606557377049
"69",0.120689655172414,0.120689655172414,0.103448275862069,0.0862068965517241,0.0862068965517241,0.0862068965517241,0.120689655172414,0.0862068965517241,0.103448275862069,0.0862068965517241
"70",0.0806451612903226,0.0967741935483871,0.0967741935483871,0.129032258064516,0.0806451612903226,0.0967741935483871,0.0967741935483871,0.112903225806452,0.112903225806452,0.0967741935483871
"71",0.109090909090909,0.0909090909090909,0.109090909090909,0.109090909090909,0.0909090909090909,0.109090909090909,0.0909090909090909,0.0909090909090909,0.0909090909090909,0.109090909090909
"72",0.116666666666667,0.116666666666667,0.0833333333333333,0.0833333333333333,0.0833333333333333,0.0833333333333333,0.116666666666667,0.1,0.1,0.116666666666667
"73",0.09375,0.109375,0.09375,0.09375,0.078125,0.09375,0.09375,0.078125,0.109375,0.15625
"74",0.0925925925925926,0.0925925925925926,0.0925925925925926,0.111111111111111,0.111111111111111,0.0925925925925926,0.0925925925925926,0.0925925925925926,0.12962962962963,0.0925925925925926
"75",0.0847457627118644,0.101694915254237,0.152542372881356,0.101694915254237,0.0847457627118644,0.0847457627118644,0.0847457627118644,0.101694915254237,0.0847457627118644,0.11864406779661
"76",0.0833333333333333,0.116666666666667,0.116666666666667,0.0833333333333333,0.1,0.116666666666667,0.0833333333333333,0.0833333333333333,0.116666666666667,0.1
"77",0.116666666666667,0.1,0.0833333333333333,0.116666666666667,0.1,0.0833333333333333,0.1,0.0833333333333333,0.133333333333333,0.0833333333333333
"78",0.112903225806452,0.129032258064516,0.112903225806452,0.0967741935483871,0.0967741935483871,0.0967741935483871,0.0806451612903226,0.0806451612903226,0.112903225806452,0.0806451612903226
"79",0.0967741935483871,0.0967741935483871,0.112903225806452,0.129032258064516,0.0967741935483871,0.0806451612903226,0.0806451612903226,0.0806451612903226,0.129032258064516,0.0967741935483871
"80",0.0806451612903226,0.0967741935483871,0.129032258064516,0.112903225806452,0.0806451612903226,0.0806451612903226,0.0967741935483871,0.145161290322581,0.0967741935483871,0.0806451612903226
"81",0.0833333333333333,0.1,0.166666666666667,0.1,0.0833333333333333,0.1,0.0833333333333333,0.0833333333333333,0.116666666666667,0.0833333333333333
"82",0.1,0.1,0.116666666666667,0.0833333333333333,0.0833333333333333,0.1,0.116666666666667,0.116666666666667,0.1,0.0833333333333333
"83",0.125,0.09375,0.140625,0.078125,0.078125,0.078125,0.09375,0.125,0.109375,0.078125
"84",0.140625,0.109375,0.109375,0.078125,0.109375,0.09375,0.109375,0.078125,0.09375,0.078125
"85",0.125,0.0892857142857143,0.0892857142857143,0.142857142857143,0.107142857142857,0.0892857142857143,0.0892857142857143,0.0892857142857143,0.0892857142857143,0.0892857142857143
"86",0.19047619047619,0.0952380952380952,0.0952380952380952,0.0952380952380952,0.0952380952380952,0.0952380952380952,0.0793650793650794,0.0952380952380952,0.0793650793650794,0.0793650793650794
"87",0.0833333333333333,0.133333333333333,0.1,0.1,0.0833333333333333,0.1,0.1,0.0833333333333333,0.116666666666667,0.1
"88",0.0806451612903226,0.0967741935483871,0.129032258064516,0.0806451612903226,0.0806451612903226,0.0806451612903226,0.129032258064516,0.0967741935483871,0.112903225806452,0.112903225806452
"89",0.0967741935483871,0.161290322580645,0.0806451612903226,0.0806451612903226,0.0806451612903226,0.0806451612903226,0.0967741935483871,0.0967741935483871,0.0967741935483871,0.129032258064516
"90",0.103448275862069,0.103448275862069,0.137931034482759,0.0862068965517241,0.0862068965517241,0.103448275862069,0.0862068965517241,0.120689655172414,0.0862068965517241,0.0862068965517241
"91",0.078125,0.09375,0.109375,0.09375,0.125,0.078125,0.140625,0.078125,0.109375,0.09375
"92",0.0967741935483871,0.0806451612903226,0.0967741935483871,0.0967741935483871,0.112903225806452,0.0967741935483871,0.129032258064516,0.0806451612903226,0.0806451612903226,0.129032258064516
"93",0.126984126984127,0.111111111111111,0.0952380952380952,0.111111111111111,0.0793650793650794,0.0952380952380952,0.0952380952380952,0.0793650793650794,0.111111111111111,0.0952380952380952
"94",0.0909090909090909,0.0909090909090909,0.0909090909090909,0.0909090909090909,0.145454545454545,0.0909090909090909,0.0909090909090909,0.109090909090909,0.109090909090909,0.0909090909090909
"95",0.0847457627118644,0.11864406779661,0.0847457627118644,0.135593220338983,0.101694915254237,0.101694915254237,0.101694915254237,0.0847457627118644,0.0847457627118644,0.101694915254237
"96",0.0909090909090909,0.109090909090909,0.109090909090909,0.0909090909090909,0.0909090909090909,0.109090909090909,0.127272727272727,0.0909090909090909,0.0909090909090909,0.0909090909090909
"97",0.137931034482759,0.103448275862069,0.103448275862069,0.0862068965517241,0.0862068965517241,0.0862068965517241,0.120689655172414,0.103448275862069,0.0862068965517241,0.0862068965517241
"98",0.1,0.1,0.133333333333333,0.0833333333333333,0.0833333333333333,0.0833333333333333,0.0833333333333333,0.0833333333333333,0.116666666666667,0.133333333333333
"99",0.0769230769230769,0.0769230769230769,0.0769230769230769,0.0769230769230769,0.138461538461538,0.153846153846154,0.107692307692308,0.0923076923076923,0.0769230769230769,0.123076923076923
"100",0.078125,0.078125,0.109375,0.109375,0.078125,0.09375,0.1875,0.078125,0.109375,0.078125
"101",0.0833333333333333,0.116666666666667,0.116666666666667,0.0833333333333333,0.0833333333333333,0.1,0.133333333333333,0.116666666666667,0.0833333333333333,0.0833333333333333
"102",0.1,0.1,0.116666666666667,0.0833333333333333,0.0833333333333333,0.133333333333333,0.1,0.116666666666667,0.0833333333333333,0.0833333333333333
"103",0.0806451612903226,0.0806451612903226,0.0806451612903226,0.0967741935483871,0.161290322580645,0.129032258064516,0.0806451612903226,0.112903225806452,0.0967741935483871,0.0806451612903226
"104",0.0967741935483871,0.145161290322581,0.0806451612903226,0.112903225806452,0.0806451612903226,0.0806451612903226,0.0967741935483871,0.0967741935483871,0.0967741935483871,0.112903225806452
"105",0.114754098360656,0.0983606557377049,0.0983606557377049,0.147540983606557,0.0819672131147541,0.0983606557377049,0.0819672131147541,0.0983606557377049,0.0983606557377049,0.0819672131147541
"106",0.1,0.15,0.1,0.1,0.0833333333333333,0.1,0.0833333333333333,0.116666666666667,0.0833333333333333,0.0833333333333333
"107",0.129032258064516,0.0806451612903226,0.0967741935483871,0.112903225806452,0.0806451612903226,0.129032258064516,0.0967741935483871,0.0806451612903226,0.0967741935483871,0.0967741935483871
"108",0.0806451612903226,0.0806451612903226,0.129032258064516,0.129032258064516,0.0806451612903226,0.129032258064516,0.0967741935483871,0.112903225806452,0.0806451612903226,0.0806451612903226
"109",0.0952380952380952,0.0952380952380952,0.111111111111111,0.111111111111111,0.111111111111111,0.111111111111111,0.0952380952380952,0.0793650793650794,0.0952380952380952,0.0952380952380952
"110",0.101694915254237,0.135593220338983,0.11864406779661,0.101694915254237,0.11864406779661,0.0847457627118644,0.0847457627118644,0.0847457627118644,0.0847457627118644,0.0847457627118644
"111",0.101694915254237,0.11864406779661,0.135593220338983,0.0847457627118644,0.0847457627118644,0.101694915254237,0.0847457627118644,0.11864406779661,0.0847457627118644,0.0847457627118644
"112",0.131147540983607,0.0819672131147541,0.0819672131147541,0.0983606557377049,0.0983606557377049,0.0983606557377049,0.0819672131147541,0.131147540983607,0.0983606557377049,0.0983606557377049
"113",0.0952380952380952,0.0952380952380952,0.0793650793650794,0.0952380952380952,0.0952380952380952,0.126984126984127,0.0952380952380952,0.0793650793650794,0.126984126984127,0.111111111111111
"114",0.0847457627118644,0.101694915254237,0.0847457627118644,0.101694915254237,0.101694915254237,0.0847457627118644,0.101694915254237,0.101694915254237,0.0847457627118644,0.152542372881356
"115",0.0757575757575758,0.0757575757575758,0.106060606060606,0.0909090909090909,0.106060606060606,0.106060606060606,0.151515151515152,0.106060606060606,0.0909090909090909,0.0909090909090909
"116",0.0806451612903226,0.145161290322581,0.0967741935483871,0.112903225806452,0.0806451612903226,0.112903225806452,0.0806451612903226,0.0806451612903226,0.0806451612903226,0.129032258064516
"117",0.133333333333333,0.0833333333333333,0.0833333333333333,0.116666666666667,0.1,0.0833333333333333,0.116666666666667,0.116666666666667,0.0833333333333333,0.0833333333333333
"118",0.0819672131147541,0.131147540983607,0.147540983606557,0.0983606557377049,0.0983606557377049,0.0983606557377049,0.0819672131147541,0.0983606557377049,0.0819672131147541,0.0819672131147541
"119",0.142857142857143,0.126984126984127,0.0793650793650794,0.0793650793650794,0.0793650793650794,0.0793650793650794,0.0952380952380952,0.126984126984127,0.0952380952380952,0.0952380952380952
"120",0.09375,0.140625,0.125,0.078125,0.109375,0.109375,0.078125,0.078125,0.109375,0.078125
"121",0.0983606557377049,0.0983606557377049,0.131147540983607,0.114754098360656,0.114754098360656,0.0983606557377049,0.0983606557377049,0.0819672131147541,0.0819672131147541,0.0819672131147541
"122",0.111111111111111,0.126984126984127,0.126984126984127,0.0952380952380952,0.0793650793650794,0.0793650793650794,0.0952380952380952,0.0793650793650794,0.111111111111111,0.0952380952380952
"123",0.15,0.1,0.1,0.1,0.0833333333333333,0.0833333333333333,0.1,0.1,0.1,0.0833333333333333
"124",0.153846153846154,0.153846153846154,0.0769230769230769,0.0923076923076923,0.0769230769230769,0.0923076923076923,0.0769230769230769,0.123076923076923,0.0769230769230769,0.0769230769230769
"125",0.0967741935483871,0.0967741935483871,0.0967741935483871,0.0806451612903226,0.112903225806452,0.112903225806452,0.0967741935483871,0.129032258064516,0.0806451612903226,0.0967741935483871
"126",0.19047619047619,0.0793650793650794,0.0793650793650794,0.0793650793650794,0.0952380952380952,0.0952380952380952,0.0793650793650794,0.126984126984127,0.0952380952380952,0.0793650793650794
"127",0.0909090909090909,0.106060606060606,0.106060606060606,0.121212121212121,0.0757575757575758,0.0757575757575758,0.121212121212121,0.0909090909090909,0.0909090909090909,0.121212121212121
"128",0.147540983606557,0.0983606557377049,0.114754098360656,0.0819672131147541,0.0819672131147541,0.0819672131147541,0.131147540983607,0.0983606557377049,0.0819672131147541,0.0819672131147541
"129",0.112903225806452,0.0967741935483871,0.0806451612903226,0.0806451612903226,0.0967741935483871,0.112903225806452,0.0967741935483871,0.112903225806452,0.0967741935483871,0.112903225806452
"130",0.0833333333333333,0.1,0.133333333333333,0.0833333333333333,0.1,0.0833333333333333,0.133333333333333,0.0833333333333333,0.1,0.1
"131",0.0892857142857143,0.0892857142857143,0.107142857142857,0.0892857142857143,0.125,0.107142857142857,0.0892857142857143,0.0892857142857143,0.107142857142857,0.107142857142857
"132",0.0819672131147541,0.131147540983607,0.0983606557377049,0.0819672131147541,0.0983606557377049,0.0983606557377049,0.147540983606557,0.0819672131147541,0.0983606557377049,0.0819672131147541
"133",0.103448275862069,0.0862068965517241,0.137931034482759,0.0862068965517241,0.137931034482759,0.0862068965517241,0.0862068965517241,0.103448275862069,0.0862068965517241,0.0862068965517241
"134",0.161290322580645,0.0967741935483871,0.0806451612903226,0.0967741935483871,0.0967741935483871,0.0967741935483871,0.0967741935483871,0.0806451612903226,0.0967741935483871,0.0967741935483871
"135",0.193548387096774,0.112903225806452,0.0806451612903226,0.0967741935483871,0.0806451612903226,0.0967741935483871,0.0967741935483871,0.0806451612903226,0.0806451612903226,0.0806451612903226
"136",0.112903225806452,0.145161290322581,0.0967741935483871,0.0967741935483871,0.0806451612903226,0.0967741935483871,0.0806451612903226,0.0967741935483871,0.0967741935483871,0.0967741935483871
"137",0.101694915254237,0.101694915254237,0.101694915254237,0.0847457627118644,0.101694915254237,0.135593220338983,0.101694915254237,0.101694915254237,0.0847457627118644,0.0847457627118644
"138",0.0983606557377049,0.114754098360656,0.0983606557377049,0.0983606557377049,0.0983606557377049,0.0819672131147541,0.0983606557377049,0.114754098360656,0.0819672131147541,0.114754098360656
"139",0.114754098360656,0.114754098360656,0.0983606557377049,0.0983606557377049,0.114754098360656,0.0983606557377049,0.0983606557377049,0.0819672131147541,0.0983606557377049,0.0819672131147541
"140",0.135593220338983,0.11864406779661,0.0847457627118644,0.0847457627118644,0.101694915254237,0.0847457627118644,0.0847457627118644,0.11864406779661,0.0847457627118644,0.101694915254237
"141",0.114754098360656,0.0819672131147541,0.163934426229508,0.0983606557377049,0.0983606557377049,0.0819672131147541,0.0819672131147541,0.114754098360656,0.0819672131147541,0.0819672131147541
"142",0.2,0.0833333333333333,0.0833333333333333,0.1,0.0833333333333333,0.0833333333333333,0.0833333333333333,0.0833333333333333,0.0833333333333333,0.116666666666667
"143",0.11864406779661,0.11864406779661,0.101694915254237,0.0847457627118644,0.0847457627118644,0.11864406779661,0.0847457627118644,0.101694915254237,0.101694915254237,0.0847457627118644
"144",0.116666666666667,0.1,0.1,0.0833333333333333,0.166666666666667,0.1,0.0833333333333333,0.0833333333333333,0.0833333333333333,0.0833333333333333
"145",0.163934426229508,0.0819672131147541,0.0983606557377049,0.0983606557377049,0.0983606557377049,0.114754098360656,0.0819672131147541,0.0819672131147541,0.0819672131147541,0.0983606557377049
"146",0.0819672131147541,0.0983606557377049,0.0819672131147541,0.0983606557377049,0.0819672131147541,0.0819672131147541,0.131147540983607,0.114754098360656,0.0819672131147541,0.147540983606557
"147",0.0806451612903226,0.112903225806452,0.0806451612903226,0.161290322580645,0.0806451612903226,0.112903225806452,0.0967741935483871,0.0806451612903226,0.112903225806452,0.0806451612903226
"148",0.103448275862069,0.0862068965517241,0.103448275862069,0.103448275862069,0.103448275862069,0.120689655172414,0.103448275862069,0.0862068965517241,0.0862068965517241,0.103448275862069
"149",0.0833333333333333,0.116666666666667,0.0833333333333333,0.1,0.0833333333333333,0.0833333333333333,0.1,0.116666666666667,0.133333333333333,0.1
"150",0.0793650793650794,0.0952380952380952,0.142857142857143,0.0952380952380952,0.0952380952380952,0.0793650793650794,0.111111111111111,0.0952380952380952,0.0793650793650794,0.126984126984127
"151",0.0833333333333333,0.133333333333333,0.1,0.0833333333333333,0.1,0.1,0.0833333333333333,0.116666666666667,0.1,0.1
"152",0.101694915254237,0.11864406779661,0.11864406779661,0.101694915254237,0.0847457627118644,0.101694915254237,0.0847457627118644,0.0847457627118644,0.0847457627118644,0.11864406779661
"153",0.125,0.125,0.0892857142857143,0.0892857142857143,0.0892857142857143,0.0892857142857143,0.0892857142857143,0.107142857142857,0.0892857142857143,0.107142857142857
"154",0.0961538461538462,0.0961538461538462,0.0961538461538462,0.0961538461538462,0.115384615384615,0.0961538461538462,0.0961538461538462,0.0961538461538462,0.0961538461538462,0.115384615384615
"155",0.087719298245614,0.087719298245614,0.12280701754386,0.087719298245614,0.087719298245614,0.087719298245614,0.157894736842105,0.087719298245614,0.087719298245614,0.105263157894737
"156",0.087719298245614,0.105263157894737,0.087719298245614,0.087719298245614,0.087719298245614,0.12280701754386,0.105263157894737,0.087719298245614,0.140350877192982,0.087719298245614
"157",0.0862068965517241,0.0862068965517241,0.155172413793103,0.0862068965517241,0.103448275862069,0.103448275862069,0.0862068965517241,0.0862068965517241,0.0862068965517241,0.120689655172414
"158",0.116666666666667,0.116666666666667,0.1,0.1,0.116666666666667,0.0833333333333333,0.0833333333333333,0.0833333333333333,0.116666666666667,0.0833333333333333
"159",0.0847457627118644,0.101694915254237,0.101694915254237,0.101694915254237,0.0847457627118644,0.11864406779661,0.101694915254237,0.101694915254237,0.101694915254237,0.101694915254237
"160",0.0909090909090909,0.0909090909090909,0.127272727272727,0.0909090909090909,0.0909090909090909,0.0909090909090909,0.0909090909090909,0.0909090909090909,0.109090909090909,0.127272727272727
"161",0.0925925925925926,0.0925925925925926,0.0925925925925926,0.0925925925925926,0.111111111111111,0.0925925925925926,0.111111111111111,0.111111111111111,0.111111111111111,0.0925925925925926
"162",0.101694915254237,0.0847457627118644,0.0847457627118644,0.101694915254237,0.101694915254237,0.101694915254237,0.11864406779661,0.11864406779661,0.101694915254237,0.0847457627118644
"163",0.078125,0.109375,0.125,0.078125,0.09375,0.125,0.078125,0.140625,0.078125,0.09375
"164",0.0833333333333333,0.116666666666667,0.116666666666667,0.1,0.1,0.1,0.1,0.0833333333333333,0.1,0.1
"165",0.0892857142857143,0.0892857142857143,0.0892857142857143,0.0892857142857143,0.107142857142857,0.0892857142857143,0.0892857142857143,0.125,0.0892857142857143,0.142857142857143
"166",0.0793650793650794,0.0793650793650794,0.0793650793650794,0.0952380952380952,0.0952380952380952,0.111111111111111,0.111111111111111,0.142857142857143,0.0793650793650794,0.126984126984127
"167",0.0983606557377049,0.0819672131147541,0.0983606557377049,0.0983606557377049,0.114754098360656,0.0819672131147541,0.0819672131147541,0.131147540983607,0.0819672131147541,0.131147540983607
"168",0.1,0.0833333333333333,0.116666666666667,0.0833333333333333,0.15,0.1,0.1,0.0833333333333333,0.0833333333333333,0.1
"169",0.0925925925925926,0.0925925925925926,0.111111111111111,0.0925925925925926,0.0925925925925926,0.111111111111111,0.111111111111111,0.0925925925925926,0.111111111111111,0.0925925925925926
"170",0.0833333333333333,0.116666666666667,0.1,0.0833333333333333,0.116666666666667,0.0833333333333333,0.116666666666667,0.133333333333333,0.0833333333333333,0.0833333333333333
"171",0.0833333333333333,0.0833333333333333,0.0833333333333333,0.0833333333333333,0.2,0.0833333333333333,0.0833333333333333,0.116666666666667,0.1,0.0833333333333333
"172",0.0892857142857143,0.0892857142857143,0.107142857142857,0.0892857142857143,0.125,0.0892857142857143,0.0892857142857143,0.0892857142857143,0.107142857142857,0.125
"173",0.129032258064516,0.0806451612903226,0.0967741935483871,0.0806451612903226,0.0967741935483871,0.112903225806452,0.145161290322581,0.0806451612903226,0.0806451612903226,0.0967741935483871
"174",0.0819672131147541,0.0983606557377049,0.114754098360656,0.0819672131147541,0.114754098360656,0.0819672131147541,0.0983606557377049,0.114754098360656,0.0819672131147541,0.131147540983607
"175",0.0961538461538462,0.115384615384615,0.0961538461538462,0.0961538461538462,0.115384615384615,0.0961538461538462,0.0961538461538462,0.0961538461538462,0.0961538461538462,0.0961538461538462
"176",0.120689655172414,0.0862068965517241,0.120689655172414,0.0862068965517241,0.0862068965517241,0.0862068965517241,0.103448275862069,0.103448275862069,0.103448275862069,0.103448275862069
"177",0.087719298245614,0.105263157894737,0.12280701754386,0.087719298245614,0.105263157894737,0.087719298245614,0.087719298245614,0.140350877192982,0.087719298245614,0.087719298245614
"178",0.1,0.1,0.1,0.1,0.116666666666667,0.0833333333333333,0.116666666666667,0.1,0.1,0.0833333333333333
"179",0.0819672131147541,0.0819672131147541,0.0983606557377049,0.147540983606557,0.0983606557377049,0.0983606557377049,0.0983606557377049,0.0983606557377049,0.0983606557377049,0.0983606557377049
"180",0.109375,0.140625,0.078125,0.078125,0.09375,0.078125,0.125,0.109375,0.078125,0.109375
"181",0.0819672131147541,0.0819672131147541,0.0819672131147541,0.0819672131147541,0.213114754098361,0.0819672131147541,0.114754098360656,0.0819672131147541,0.0819672131147541,0.0983606557377049
"182",0.087719298245614,0.105263157894737,0.140350877192982,0.105263157894737,0.105263157894737,0.087719298245614,0.087719298245614,0.087719298245614,0.087719298245614,0.105263157894737
"183",0.078125,0.09375,0.109375,0.078125,0.125,0.109375,0.109375,0.09375,0.109375,0.09375
"184",0.0806451612903226,0.0806451612903226,0.0967741935483871,0.0806451612903226,0.0967741935483871,0.0806451612903226,0.0806451612903226,0.0967741935483871,0.161290322580645,0.145161290322581
"185",0.0819672131147541,0.0983606557377049,0.131147540983607,0.0819672131147541,0.114754098360656,0.0819672131147541,0.0983606557377049,0.147540983606557,0.0819672131147541,0.0819672131147541
"186",0.116666666666667,0.0833333333333333,0.116666666666667,0.1,0.1,0.116666666666667,0.1,0.0833333333333333,0.0833333333333333,0.1
"187",0.0983606557377049,0.0819672131147541,0.0819672131147541,0.0819672131147541,0.163934426229508,0.114754098360656,0.0819672131147541,0.114754098360656,0.0819672131147541,0.0983606557377049
"188",0.078125,0.09375,0.09375,0.078125,0.125,0.125,0.09375,0.09375,0.09375,0.125
"189",0.112903225806452,0.0967741935483871,0.112903225806452,0.129032258064516,0.0967741935483871,0.0806451612903226,0.0806451612903226,0.0806451612903226,0.129032258064516,0.0806451612903226
"190",0.0819672131147541,0.0983606557377049,0.114754098360656,0.0983606557377049,0.114754098360656,0.131147540983607,0.0819672131147541,0.114754098360656,0.0819672131147541,0.0819672131147541
"191",0.0833333333333333,0.0833333333333333,0.0833333333333333,0.116666666666667,0.116666666666667,0.1,0.0833333333333333,0.1,0.15,0.0833333333333333
"192",0.0983606557377049,0.114754098360656,0.131147540983607,0.0819672131147541,0.114754098360656,0.0819672131147541,0.131147540983607,0.0819672131147541,0.0819672131147541,0.0819672131147541
"193",0.0983606557377049,0.0819672131147541,0.0819672131147541,0.0983606557377049,0.114754098360656,0.114754098360656,0.0983606557377049,0.147540983606557,0.0819672131147541,0.0819672131147541
"194",0.0819672131147541,0.0983606557377049,0.0983606557377049,0.114754098360656,0.114754098360656,0.0819672131147541,0.0983606557377049,0.0983606557377049,0.131147540983607,0.0819672131147541
"195",0.0943396226415094,0.0943396226415094,0.0943396226415094,0.0943396226415094,0.0943396226415094,0.113207547169811,0.132075471698113,0.0943396226415094,0.0943396226415094,0.0943396226415094
"196",0.0967741935483871,0.145161290322581,0.0967741935483871,0.0967741935483871,0.129032258064516,0.0806451612903226,0.0967741935483871,0.0967741935483871,0.0806451612903226,0.0806451612903226
"197",0.133333333333333,0.0833333333333333,0.116666666666667,0.1,0.133333333333333,0.0833333333333333,0.0833333333333333,0.0833333333333333,0.1,0.0833333333333333
"198",0.12962962962963,0.111111111111111,0.0925925925925926,0.0925925925925926,0.111111111111111,0.0925925925925926,0.0925925925925926,0.0925925925925926,0.0925925925925926,0.0925925925925926
"199",0.129032258064516,0.0806451612903226,0.0967741935483871,0.112903225806452,0.0967741935483871,0.0806451612903226,0.0806451612903226,0.129032258064516,0.112903225806452,0.0806451612903226
"200",0.103448275862069,0.0862068965517241,0.0862068965517241,0.103448275862069,0.103448275862069,0.0862068965517241,0.172413793103448,0.0862068965517241,0.0862068965517241,0.0862068965517241
"201",0.0909090909090909,0.109090909090909,0.109090909090909,0.0909090909090909,0.109090909090909,0.0909090909090909,0.0909090909090909,0.109090909090909,0.109090909090909,0.0909090909090909
"202",0.101694915254237,0.11864406779661,0.101694915254237,0.101694915254237,0.11864406779661,0.101694915254237,0.0847457627118644,0.0847457627118644,0.0847457627118644,0.101694915254237
"203",0.112903225806452,0.0806451612903226,0.0967741935483871,0.0806451612903226,0.112903225806452,0.0806451612903226,0.0967741935483871,0.112903225806452,0.0967741935483871,0.129032258064516
"204",0.0862068965517241,0.0862068965517241,0.103448275862069,0.0862068965517241,0.155172413793103,0.103448275862069,0.120689655172414,0.0862068965517241,0.0862068965517241,0.0862068965517241
"205",0.0806451612903226,0.0967741935483871,0.0806451612903226,0.0806451612903226,0.0967741935483871,0.0967741935483871,0.193548387096774,0.0967741935483871,0.0967741935483871,0.0806451612903226
"206",0.087719298245614,0.105263157894737,0.12280701754386,0.105263157894737,0.105263157894737,0.087719298245614,0.105263157894737,0.105263157894737,0.087719298245614,0.087719298245614
"207",0.0819672131147541,0.114754098360656,0.0983606557377049,0.114754098360656,0.114754098360656,0.0819672131147541,0.0983606557377049,0.0983606557377049,0.0983606557377049,0.0983606557377049
"208",0.0983606557377049,0.0819672131147541,0.0819672131147541,0.0819672131147541,0.0983606557377049,0.114754098360656,0.114754098360656,0.0819672131147541,0.0819672131147541,0.163934426229508
"209",0.103448275862069,0.120689655172414,0.0862068965517241,0.0862068965517241,0.120689655172414,0.0862068965517241,0.120689655172414,0.0862068965517241,0.103448275862069,0.0862068965517241
"210",0.0806451612903226,0.0967741935483871,0.0806451612903226,0.129032258064516,0.0967741935483871,0.0806451612903226,0.112903225806452,0.112903225806452,0.129032258064516,0.0806451612903226
"211",0.1,0.0833333333333333,0.0833333333333333,0.0833333333333333,0.166666666666667,0.1,0.1,0.116666666666667,0.0833333333333333,0.0833333333333333
"212",0.0923076923076923,0.138461538461538,0.107692307692308,0.123076923076923,0.0923076923076923,0.0769230769230769,0.123076923076923,0.0923076923076923,0.0769230769230769,0.0769230769230769
"213",0.0862068965517241,0.0862068965517241,0.120689655172414,0.103448275862069,0.103448275862069,0.103448275862069,0.0862068965517241,0.0862068965517241,0.120689655172414,0.103448275862069
"214",0.0961538461538462,0.0961538461538462,0.115384615384615,0.0961538461538462,0.0961538461538462,0.0961538461538462,0.115384615384615,0.0961538461538462,0.0961538461538462,0.0961538461538462
"215",0.0806451612903226,0.0806451612903226,0.0967741935483871,0.0967741935483871,0.0806451612903226,0.0967741935483871,0.209677419354839,0.0967741935483871,0.0806451612903226,0.0806451612903226
"216",0.0793650793650794,0.0793650793650794,0.111111111111111,0.0952380952380952,0.142857142857143,0.0793650793650794,0.0952380952380952,0.126984126984127,0.111111111111111,0.0793650793650794
"217",0.0847457627118644,0.11864406779661,0.101694915254237,0.0847457627118644,0.0847457627118644,0.101694915254237,0.11864406779661,0.0847457627118644,0.11864406779661,0.101694915254237
"218",0.087719298245614,0.105263157894737,0.087719298245614,0.087719298245614,0.087719298245614,0.087719298245614,0.157894736842105,0.105263157894737,0.105263157894737,0.087719298245614
"219",0.087719298245614,0.105263157894737,0.105263157894737,0.087719298245614,0.157894736842105,0.105263157894737,0.087719298245614,0.087719298245614,0.087719298245614,0.087719298245614
"220",0.0847457627118644,0.101694915254237,0.0847457627118644,0.11864406779661,0.11864406779661,0.0847457627118644,0.101694915254237,0.11864406779661,0.0847457627118644,0.101694915254237
"221",0.0862068965517241,0.0862068965517241,0.103448275862069,0.0862068965517241,0.103448275862069,0.103448275862069,0.0862068965517241,0.0862068965517241,0.155172413793103,0.103448275862069
"222",0.0892857142857143,0.0892857142857143,0.0892857142857143,0.0892857142857143,0.142857142857143,0.0892857142857143,0.125,0.0892857142857143,0.107142857142857,0.0892857142857143
"223",0.0943396226415094,0.0943396226415094,0.0943396226415094,0.0943396226415094,0.132075471698113,0.0943396226415094,0.0943396226415094,0.0943396226415094,0.113207547169811,0.0943396226415094
"224",0.0833333333333333,0.1,0.1,0.0833333333333333,0.133333333333333,0.1,0.133333333333333,0.0833333333333333,0.1,0.0833333333333333
"225",0.0833333333333333,0.0833333333333333,0.133333333333333,0.1,0.0833333333333333,0.1,0.1,0.116666666666667,0.1,0.1
"226",0.0847457627118644,0.0847457627118644,0.11864406779661,0.11864406779661,0.11864406779661,0.101694915254237,0.101694915254237,0.101694915254237,0.0847457627118644,0.0847457627118644
"227",0.0819672131147541,0.0819672131147541,0.114754098360656,0.0983606557377049,0.163934426229508,0.0819672131147541,0.0983606557377049,0.0983606557377049,0.0983606557377049,0.0819672131147541
"228",0.0983606557377049,0.0819672131147541,0.0983606557377049,0.0819672131147541,0.0983606557377049,0.114754098360656,0.0983606557377049,0.131147540983607,0.0983606557377049,0.0983606557377049
