"","V1","V2","V3","V4","V5","V6","V7","V8","V9","V10","V11","V12","V13","V14","V15"
"1",0.0710382513661202,0.0546448087431694,0.0546448087431694,0.0546448087431694,0.0546448087431694,0.0874316939890711,0.0874316939890711,0.0546448087431694,0.0874316939890711,0.0546448087431694,0.0874316939890711,0.0710382513661202,0.0546448087431694,0.0710382513661202,0.0546448087431694
"2",0.0698924731182796,0.0698924731182796,0.0698924731182796,0.0537634408602151,0.0698924731182796,0.0537634408602151,0.0537634408602151,0.0537634408602151,0.102150537634409,0.0537634408602151,0.0860215053763441,0.102150537634409,0.0537634408602151,0.0537634408602151,0.0537634408602151
"3",0.0747126436781609,0.0574712643678161,0.0574712643678161,0.0574712643678161,0.0919540229885058,0.0747126436781609,0.0747126436781609,0.0574712643678161,0.0574712643678161,0.0574712643678161,0.0574712643678161,0.0919540229885058,0.0574712643678161,0.0747126436781609,0.0574712643678161
"4",0.0564971751412429,0.0564971751412429,0.0564971751412429,0.0564971751412429,0.0564971751412429,0.0734463276836158,0.0734463276836158,0.0564971751412429,0.0564971751412429,0.0734463276836158,0.0734463276836158,0.124293785310734,0.0734463276836158,0.0564971751412429,0.0564971751412429
"5",0.0833333333333333,0.0833333333333333,0.0520833333333333,0.0677083333333333,0.0520833333333333,0.130208333333333,0.0520833333333333,0.0833333333333333,0.0677083333333333,0.0520833333333333,0.0520833333333333,0.0520833333333333,0.0520833333333333,0.0520833333333333,0.0677083333333333
"6",0.0617283950617284,0.0617283950617284,0.0617283950617284,0.0617283950617284,0.0617283950617284,0.0617283950617284,0.0617283950617284,0.0617283950617284,0.0617283950617284,0.0987654320987654,0.0617283950617284,0.0802469135802469,0.0802469135802469,0.0617283950617284,0.0617283950617284
"7",0.0860215053763441,0.0537634408602151,0.102150537634409,0.0537634408602151,0.0537634408602151,0.0537634408602151,0.0537634408602151,0.0537634408602151,0.0698924731182796,0.0537634408602151,0.0698924731182796,0.0698924731182796,0.0698924731182796,0.102150537634409,0.0537634408602151
"8",0.0555555555555556,0.0888888888888889,0.0722222222222222,0.0555555555555556,0.0555555555555556,0.0555555555555556,0.0722222222222222,0.0555555555555556,0.0722222222222222,0.0555555555555556,0.0555555555555556,0.0722222222222222,0.0555555555555556,0.122222222222222,0.0555555555555556
"9",0.0529100529100529,0.0846560846560847,0.0687830687830688,0.0529100529100529,0.0529100529100529,0.0529100529100529,0.100529100529101,0.0687830687830688,0.0529100529100529,0.0687830687830688,0.0687830687830688,0.0529100529100529,0.0687830687830688,0.0687830687830688,0.0846560846560847
"10",0.0546448087431694,0.0710382513661202,0.0546448087431694,0.0546448087431694,0.0710382513661202,0.103825136612022,0.0710382513661202,0.0546448087431694,0.0710382513661202,0.0546448087431694,0.0710382513661202,0.0546448087431694,0.0710382513661202,0.0874316939890711,0.0546448087431694
"11",0.0564971751412429,0.0734463276836158,0.0734463276836158,0.0564971751412429,0.0564971751412429,0.0564971751412429,0.0564971751412429,0.0903954802259887,0.0564971751412429,0.0564971751412429,0.0564971751412429,0.0734463276836158,0.0903954802259887,0.0903954802259887,0.0564971751412429
"12",0.0888888888888889,0.0555555555555556,0.0555555555555556,0.0888888888888889,0.0555555555555556,0.0555555555555556,0.0555555555555556,0.0555555555555556,0.0722222222222222,0.105555555555556,0.0555555555555556,0.0555555555555556,0.0555555555555556,0.0722222222222222,0.0722222222222222
"13",0.0617283950617284,0.0617283950617284,0.0987654320987654,0.0617283950617284,0.0802469135802469,0.0617283950617284,0.0617283950617284,0.0617283950617284,0.0617283950617284,0.0617283950617284,0.0617283950617284,0.0617283950617284,0.0617283950617284,0.0802469135802469,0.0617283950617284
"14",0.0698924731182796,0.0537634408602151,0.0537634408602151,0.102150537634409,0.0537634408602151,0.0698924731182796,0.0860215053763441,0.0537634408602151,0.0698924731182796,0.0537634408602151,0.0537634408602151,0.102150537634409,0.0537634408602151,0.0698924731182796,0.0537634408602151
"15",0.114583333333333,0.0520833333333333,0.0677083333333333,0.0520833333333333,0.0520833333333333,0.130208333333333,0.0677083333333333,0.0677083333333333,0.0520833333333333,0.0520833333333333,0.0520833333333333,0.0677083333333333,0.0677083333333333,0.0520833333333333,0.0520833333333333
"16",0.122222222222222,0.0555555555555556,0.0555555555555556,0.0888888888888889,0.0555555555555556,0.0722222222222222,0.0555555555555556,0.0722222222222222,0.0555555555555556,0.0555555555555556,0.0722222222222222,0.0722222222222222,0.0555555555555556,0.0555555555555556,0.0555555555555556
"17",0.0546448087431694,0.0546448087431694,0.0546448087431694,0.0710382513661202,0.0710382513661202,0.0546448087431694,0.0874316939890711,0.0546448087431694,0.103825136612022,0.0546448087431694,0.0546448087431694,0.0710382513661202,0.0710382513661202,0.0874316939890711,0.0546448087431694
"18",0.122222222222222,0.0555555555555556,0.0555555555555556,0.0555555555555556,0.0722222222222222,0.0555555555555556,0.0555555555555556,0.0722222222222222,0.0722222222222222,0.0555555555555556,0.0555555555555556,0.0555555555555556,0.0722222222222222,0.0888888888888889,0.0555555555555556
"19",0.0546448087431694,0.0546448087431694,0.103825136612022,0.0710382513661202,0.0710382513661202,0.103825136612022,0.0546448087431694,0.0546448087431694,0.0546448087431694,0.0546448087431694,0.0874316939890711,0.0546448087431694,0.0546448087431694,0.0546448087431694,0.0710382513661202
"20",0.0529100529100529,0.0529100529100529,0.0529100529100529,0.0846560846560847,0.0529100529100529,0.148148148148148,0.0529100529100529,0.0529100529100529,0.0529100529100529,0.0529100529100529,0.0846560846560847,0.0529100529100529,0.0846560846560847,0.0687830687830688,0.0529100529100529
"21",0.0555555555555556,0.0555555555555556,0.0888888888888889,0.0555555555555556,0.0555555555555556,0.0555555555555556,0.0555555555555556,0.0888888888888889,0.0888888888888889,0.0722222222222222,0.0555555555555556,0.0555555555555556,0.0555555555555556,0.0888888888888889,0.0722222222222222
"22",0.0710382513661202,0.0546448087431694,0.0546448087431694,0.153005464480874,0.0546448087431694,0.0710382513661202,0.0546448087431694,0.0546448087431694,0.0874316939890711,0.0546448087431694,0.0710382513661202,0.0546448087431694,0.0546448087431694,0.0546448087431694,0.0546448087431694
"23",0.0687830687830688,0.0529100529100529,0.0846560846560847,0.0529100529100529,0.0529100529100529,0.0529100529100529,0.0687830687830688,0.0846560846560847,0.0846560846560847,0.0687830687830688,0.0529100529100529,0.0687830687830688,0.0529100529100529,0.0529100529100529,0.100529100529101
"24",0.0722222222222222,0.0555555555555556,0.0722222222222222,0.0555555555555556,0.0722222222222222,0.0722222222222222,0.0555555555555556,0.0555555555555556,0.0555555555555556,0.0722222222222222,0.0722222222222222,0.0722222222222222,0.0722222222222222,0.0555555555555556,0.0888888888888889
"25",0.0564971751412429,0.0903954802259887,0.0564971751412429,0.0564971751412429,0.0564971751412429,0.0903954802259887,0.0564971751412429,0.0734463276836158,0.0734463276836158,0.0734463276836158,0.0564971751412429,0.0903954802259887,0.0564971751412429,0.0564971751412429,0.0564971751412429
"26",0.0546448087431694,0.0546448087431694,0.0710382513661202,0.0546448087431694,0.0546448087431694,0.0710382513661202,0.0710382513661202,0.103825136612022,0.0546448087431694,0.103825136612022,0.0546448087431694,0.0710382513661202,0.0546448087431694,0.0546448087431694,0.0710382513661202
"27",0.096969696969697,0.0787878787878788,0.0606060606060606,0.0606060606060606,0.0606060606060606,0.0606060606060606,0.0606060606060606,0.0606060606060606,0.0606060606060606,0.0787878787878788,0.0606060606060606,0.0787878787878788,0.0606060606060606,0.0606060606060606,0.0606060606060606
"28",0.0584795321637427,0.0760233918128655,0.0584795321637427,0.128654970760234,0.0584795321637427,0.0584795321637427,0.0760233918128655,0.0584795321637427,0.0760233918128655,0.0584795321637427,0.0584795321637427,0.0584795321637427,0.0584795321637427,0.0584795321637427,0.0584795321637427
"29",0.0546448087431694,0.0546448087431694,0.0546448087431694,0.103825136612022,0.0546448087431694,0.0546448087431694,0.0874316939890711,0.0546448087431694,0.0546448087431694,0.0546448087431694,0.0546448087431694,0.0710382513661202,0.0874316939890711,0.0710382513661202,0.0874316939890711
"30",0.0710382513661202,0.0710382513661202,0.0546448087431694,0.0546448087431694,0.0710382513661202,0.153005464480874,0.0546448087431694,0.0546448087431694,0.0546448087431694,0.0546448087431694,0.0710382513661202,0.0546448087431694,0.0546448087431694,0.0546448087431694,0.0710382513661202
"31",0.0677083333333333,0.0520833333333333,0.0833333333333333,0.145833333333333,0.0677083333333333,0.0677083333333333,0.0677083333333333,0.0520833333333333,0.0833333333333333,0.0520833333333333,0.0520833333333333,0.0520833333333333,0.0520833333333333,0.0520833333333333,0.0520833333333333
"32",0.0546448087431694,0.0546448087431694,0.0546448087431694,0.0710382513661202,0.0546448087431694,0.0874316939890711,0.0710382513661202,0.136612021857924,0.0546448087431694,0.0546448087431694,0.0546448087431694,0.0874316939890711,0.0546448087431694,0.0546448087431694,0.0546448087431694
"33",0.0710382513661202,0.0710382513661202,0.0546448087431694,0.0874316939890711,0.0546448087431694,0.0710382513661202,0.103825136612022,0.0710382513661202,0.0546448087431694,0.0546448087431694,0.0546448087431694,0.0546448087431694,0.0710382513661202,0.0546448087431694,0.0710382513661202
"34",0.0555555555555556,0.0722222222222222,0.0555555555555556,0.0555555555555556,0.0555555555555556,0.105555555555556,0.0555555555555556,0.0555555555555556,0.0722222222222222,0.0555555555555556,0.0722222222222222,0.105555555555556,0.0555555555555556,0.0555555555555556,0.0722222222222222
"35",0.103825136612022,0.0710382513661202,0.0546448087431694,0.0546448087431694,0.0546448087431694,0.0874316939890711,0.0546448087431694,0.0874316939890711,0.0710382513661202,0.0546448087431694,0.0546448087431694,0.0546448087431694,0.0874316939890711,0.0546448087431694,0.0546448087431694
"36",0.0874316939890711,0.0710382513661202,0.0546448087431694,0.0546448087431694,0.0710382513661202,0.0710382513661202,0.0710382513661202,0.0874316939890711,0.0546448087431694,0.0710382513661202,0.0546448087431694,0.0874316939890711,0.0546448087431694,0.0546448087431694,0.0546448087431694
"37",0.0747126436781609,0.0574712643678161,0.0574712643678161,0.0574712643678161,0.109195402298851,0.0574712643678161,0.0574712643678161,0.0574712643678161,0.0574712643678161,0.0574712643678161,0.0574712643678161,0.0919540229885058,0.0747126436781609,0.0574712643678161,0.0747126436781609
"38",0.0760233918128655,0.0584795321637427,0.0584795321637427,0.0584795321637427,0.0584795321637427,0.0584795321637427,0.0760233918128655,0.0760233918128655,0.0584795321637427,0.0935672514619883,0.0760233918128655,0.0584795321637427,0.0584795321637427,0.0584795321637427,0.0760233918128655
"39",0.0903954802259887,0.0564971751412429,0.0564971751412429,0.107344632768362,0.0734463276836158,0.0734463276836158,0.0564971751412429,0.0734463276836158,0.0734463276836158,0.0564971751412429,0.0564971751412429,0.0564971751412429,0.0564971751412429,0.0564971751412429,0.0564971751412429
"40",0.0710382513661202,0.0874316939890711,0.0546448087431694,0.0710382513661202,0.0546448087431694,0.0546448087431694,0.0710382513661202,0.0546448087431694,0.0546448087431694,0.0546448087431694,0.0874316939890711,0.103825136612022,0.0546448087431694,0.0710382513661202,0.0546448087431694
"41",0.0734463276836158,0.0734463276836158,0.107344632768362,0.0564971751412429,0.0564971751412429,0.0564971751412429,0.0564971751412429,0.0564971751412429,0.0734463276836158,0.0903954802259887,0.0564971751412429,0.0734463276836158,0.0564971751412429,0.0564971751412429,0.0564971751412429
"42",0.130208333333333,0.0520833333333333,0.0520833333333333,0.0520833333333333,0.0520833333333333,0.0520833333333333,0.0677083333333333,0.0677083333333333,0.0833333333333333,0.0677083333333333,0.0677083333333333,0.0989583333333333,0.0520833333333333,0.0520833333333333,0.0520833333333333
"43",0.0888888888888889,0.122222222222222,0.0555555555555556,0.0555555555555556,0.0555555555555556,0.0722222222222222,0.0555555555555556,0.0888888888888889,0.0555555555555556,0.0555555555555556,0.0555555555555556,0.0722222222222222,0.0555555555555556,0.0555555555555556,0.0555555555555556
"44",0.0710382513661202,0.0546448087431694,0.0546448087431694,0.0874316939890711,0.0546448087431694,0.136612021857924,0.0874316939890711,0.0546448087431694,0.0710382513661202,0.0546448087431694,0.0546448087431694,0.0546448087431694,0.0546448087431694,0.0546448087431694,0.0546448087431694
"45",0.0584795321637427,0.0760233918128655,0.0760233918128655,0.0760233918128655,0.0584795321637427,0.0584795321637427,0.0760233918128655,0.0584795321637427,0.0584795321637427,0.0584795321637427,0.0760233918128655,0.0584795321637427,0.0935672514619883,0.0584795321637427,0.0584795321637427
"46",0.0677083333333333,0.0520833333333333,0.0677083333333333,0.0677083333333333,0.0833333333333333,0.0833333333333333,0.0520833333333333,0.0677083333333333,0.0677083333333333,0.0520833333333333,0.0833333333333333,0.0520833333333333,0.0677083333333333,0.0520833333333333,0.0833333333333333
"47",0.0512820512820513,0.0666666666666667,0.0974358974358975,0.0512820512820513,0.0666666666666667,0.0974358974358975,0.0820512820512821,0.0512820512820513,0.0666666666666667,0.0666666666666667,0.0820512820512821,0.0512820512820513,0.0512820512820513,0.0512820512820513,0.0666666666666667
"48",0.0529100529100529,0.0687830687830688,0.0529100529100529,0.0846560846560847,0.0687830687830688,0.100529100529101,0.0846560846560847,0.0687830687830688,0.0687830687830688,0.0529100529100529,0.0687830687830688,0.0529100529100529,0.0687830687830688,0.0529100529100529,0.0529100529100529
"49",0.0574712643678161,0.0919540229885058,0.0574712643678161,0.0747126436781609,0.0574712643678161,0.0574712643678161,0.109195402298851,0.0574712643678161,0.0574712643678161,0.0747126436781609,0.0747126436781609,0.0574712643678161,0.0574712643678161,0.0574712643678161,0.0574712643678161
"50",0.0546448087431694,0.0546448087431694,0.0546448087431694,0.103825136612022,0.0546448087431694,0.0546448087431694,0.0874316939890711,0.0710382513661202,0.0546448087431694,0.0546448087431694,0.0874316939890711,0.0546448087431694,0.103825136612022,0.0546448087431694,0.0546448087431694
"51",0.0546448087431694,0.0874316939890711,0.0546448087431694,0.0546448087431694,0.0546448087431694,0.0710382513661202,0.0710382513661202,0.0710382513661202,0.0546448087431694,0.0874316939890711,0.0710382513661202,0.103825136612022,0.0546448087431694,0.0546448087431694,0.0546448087431694
"52",0.0574712643678161,0.0747126436781609,0.0574712643678161,0.0747126436781609,0.0574712643678161,0.0574712643678161,0.126436781609195,0.0574712643678161,0.0574712643678161,0.0574712643678161,0.0919540229885058,0.0574712643678161,0.0574712643678161,0.0574712643678161,0.0574712643678161
"53",0.0555555555555556,0.0722222222222222,0.0555555555555556,0.0555555555555556,0.0722222222222222,0.0888888888888889,0.0722222222222222,0.0555555555555556,0.0555555555555556,0.0555555555555556,0.0722222222222222,0.0888888888888889,0.0888888888888889,0.0555555555555556,0.0555555555555556
"54",0.0564971751412429,0.0564971751412429,0.0564971751412429,0.0564971751412429,0.0734463276836158,0.0564971751412429,0.0903954802259887,0.0734463276836158,0.0734463276836158,0.0734463276836158,0.0564971751412429,0.0903954802259887,0.0734463276836158,0.0564971751412429,0.0564971751412429
"55",0.0564971751412429,0.0903954802259887,0.0734463276836158,0.0564971751412429,0.0564971751412429,0.0734463276836158,0.0564971751412429,0.0564971751412429,0.0564971751412429,0.0564971751412429,0.0564971751412429,0.0734463276836158,0.0903954802259887,0.0564971751412429,0.0903954802259887
"56",0.0555555555555556,0.0888888888888889,0.0555555555555556,0.0555555555555556,0.0722222222222222,0.0888888888888889,0.0722222222222222,0.105555555555556,0.0555555555555556,0.0555555555555556,0.0555555555555556,0.0722222222222222,0.0555555555555556,0.0555555555555556,0.0555555555555556
"57",0.0555555555555556,0.0555555555555556,0.0555555555555556,0.0722222222222222,0.0722222222222222,0.138888888888889,0.0888888888888889,0.0555555555555556,0.0555555555555556,0.0555555555555556,0.0555555555555556,0.0555555555555556,0.0555555555555556,0.0722222222222222,0.0555555555555556
"58",0.0546448087431694,0.0546448087431694,0.0710382513661202,0.0546448087431694,0.0710382513661202,0.0710382513661202,0.153005464480874,0.0546448087431694,0.0546448087431694,0.0546448087431694,0.0546448087431694,0.0546448087431694,0.0874316939890711,0.0546448087431694,0.0546448087431694
"59",0.0529100529100529,0.0529100529100529,0.0529100529100529,0.0529100529100529,0.0529100529100529,0.100529100529101,0.116402116402116,0.0529100529100529,0.100529100529101,0.0687830687830688,0.0529100529100529,0.0687830687830688,0.0529100529100529,0.0687830687830688,0.0529100529100529
"60",0.0529100529100529,0.0529100529100529,0.0687830687830688,0.0687830687830688,0.0846560846560847,0.0529100529100529,0.0687830687830688,0.0529100529100529,0.116402116402116,0.0529100529100529,0.0687830687830688,0.0529100529100529,0.0687830687830688,0.0846560846560847,0.0529100529100529
"61",0.0846560846560847,0.0529100529100529,0.0529100529100529,0.116402116402116,0.0529100529100529,0.0529100529100529,0.132275132275132,0.0687830687830688,0.0529100529100529,0.0529100529100529,0.0529100529100529,0.0529100529100529,0.0529100529100529,0.0687830687830688,0.0529100529100529
"62",0.0722222222222222,0.0555555555555556,0.0555555555555556,0.105555555555556,0.0888888888888889,0.0555555555555556,0.0555555555555556,0.0888888888888889,0.0555555555555556,0.0555555555555556,0.0555555555555556,0.0555555555555556,0.0555555555555556,0.0555555555555556,0.0888888888888889
"63",0.0564971751412429,0.0734463276836158,0.0564971751412429,0.0903954802259887,0.0734463276836158,0.0903954802259887,0.0903954802259887,0.0564971751412429,0.0564971751412429,0.0564971751412429,0.0564971751412429,0.0564971751412429,0.0564971751412429,0.0564971751412429,0.0734463276836158
"64",0.0555555555555556,0.0722222222222222,0.0555555555555556,0.0555555555555556,0.0555555555555556,0.0888888888888889,0.0555555555555556,0.105555555555556,0.0722222222222222,0.0722222222222222,0.0555555555555556,0.0555555555555556,0.0555555555555556,0.0722222222222222,0.0722222222222222
"65",0.0698924731182796,0.0537634408602151,0.0698924731182796,0.0537634408602151,0.102150537634409,0.0860215053763441,0.0698924731182796,0.0537634408602151,0.0537634408602151,0.0537634408602151,0.0698924731182796,0.0860215053763441,0.0537634408602151,0.0698924731182796,0.0537634408602151
"66",0.136612021857924,0.0710382513661202,0.0546448087431694,0.0546448087431694,0.0546448087431694,0.0874316939890711,0.0710382513661202,0.0546448087431694,0.0546448087431694,0.0710382513661202,0.0546448087431694,0.0546448087431694,0.0546448087431694,0.0546448087431694,0.0710382513661202
"67",0.0555555555555556,0.0555555555555556,0.0722222222222222,0.0888888888888889,0.0555555555555556,0.0555555555555556,0.0555555555555556,0.0555555555555556,0.0722222222222222,0.122222222222222,0.0555555555555556,0.0722222222222222,0.0555555555555556,0.0555555555555556,0.0722222222222222
"68",0.103825136612022,0.0546448087431694,0.0874316939890711,0.0546448087431694,0.0874316939890711,0.120218579234973,0.0546448087431694,0.0546448087431694,0.0546448087431694,0.0546448087431694,0.0546448087431694,0.0546448087431694,0.0546448087431694,0.0546448087431694,0.0546448087431694
"69",0.0747126436781609,0.0919540229885058,0.0747126436781609,0.0574712643678161,0.0747126436781609,0.0574712643678161,0.0574712643678161,0.0574712643678161,0.0574712643678161,0.0574712643678161,0.0574712643678161,0.0919540229885058,0.0747126436781609,0.0574712643678161,0.0574712643678161
"70",0.0698924731182796,0.0537634408602151,0.0537634408602151,0.0537634408602151,0.102150537634409,0.0860215053763441,0.0537634408602151,0.0698924731182796,0.0698924731182796,0.0537634408602151,0.0698924731182796,0.0860215053763441,0.0537634408602151,0.0698924731182796,0.0537634408602151
"71",0.0606060606060606,0.0787878787878788,0.0606060606060606,0.0787878787878788,0.0787878787878788,0.0606060606060606,0.0787878787878788,0.0606060606060606,0.0606060606060606,0.0606060606060606,0.0787878787878788,0.0606060606060606,0.0606060606060606,0.0606060606060606,0.0606060606060606
"72",0.0555555555555556,0.0555555555555556,0.0888888888888889,0.0555555555555556,0.0555555555555556,0.122222222222222,0.0722222222222222,0.0555555555555556,0.0555555555555556,0.0722222222222222,0.0555555555555556,0.0722222222222222,0.0722222222222222,0.0555555555555556,0.0555555555555556
"73",0.0677083333333333,0.0677083333333333,0.0989583333333333,0.0520833333333333,0.0677083333333333,0.0677083333333333,0.0520833333333333,0.0677083333333333,0.0677083333333333,0.0677083333333333,0.0677083333333333,0.0520833333333333,0.0520833333333333,0.0833333333333333,0.0677083333333333
"74",0.0617283950617284,0.0617283950617284,0.0802469135802469,0.0987654320987654,0.0802469135802469,0.0617283950617284,0.0617283950617284,0.0617283950617284,0.0617283950617284,0.0617283950617284,0.0617283950617284,0.0617283950617284,0.0617283950617284,0.0617283950617284,0.0617283950617284
"75",0.0564971751412429,0.0564971751412429,0.0564971751412429,0.0564971751412429,0.0734463276836158,0.0564971751412429,0.0564971751412429,0.0734463276836158,0.0564971751412429,0.0734463276836158,0.0564971751412429,0.0564971751412429,0.15819209039548,0.0564971751412429,0.0564971751412429
"76",0.0555555555555556,0.0722222222222222,0.0722222222222222,0.0555555555555556,0.0888888888888889,0.0722222222222222,0.0722222222222222,0.0555555555555556,0.0555555555555556,0.0888888888888889,0.0555555555555556,0.0555555555555556,0.0722222222222222,0.0722222222222222,0.0555555555555556
"77",0.105555555555556,0.0888888888888889,0.0722222222222222,0.0722222222222222,0.0555555555555556,0.0555555555555556,0.0555555555555556,0.0722222222222222,0.0555555555555556,0.0555555555555556,0.0555555555555556,0.0722222222222222,0.0722222222222222,0.0555555555555556,0.0555555555555556
"78",0.0537634408602151,0.0537634408602151,0.0860215053763441,0.0537634408602151,0.0860215053763441,0.0860215053763441,0.0537634408602151,0.0537634408602151,0.0698924731182796,0.0860215053763441,0.0537634408602151,0.0860215053763441,0.0537634408602151,0.0698924731182796,0.0537634408602151
"79",0.0860215053763441,0.0860215053763441,0.0537634408602151,0.0537634408602151,0.0698924731182796,0.0537634408602151,0.0537634408602151,0.0698924731182796,0.0537634408602151,0.102150537634409,0.0537634408602151,0.0698924731182796,0.0698924731182796,0.0537634408602151,0.0698924731182796
"80",0.0698924731182796,0.0537634408602151,0.0860215053763441,0.0537634408602151,0.0860215053763441,0.0537634408602151,0.0537634408602151,0.0698924731182796,0.0537634408602151,0.0537634408602151,0.0537634408602151,0.0860215053763441,0.0860215053763441,0.0698924731182796,0.0698924731182796
"81",0.0555555555555556,0.0722222222222222,0.0555555555555556,0.0722222222222222,0.0722222222222222,0.0555555555555556,0.0555555555555556,0.0555555555555556,0.0555555555555556,0.0888888888888889,0.0555555555555556,0.0888888888888889,0.0888888888888889,0.0555555555555556,0.0722222222222222
"82",0.0555555555555556,0.0555555555555556,0.0555555555555556,0.0555555555555556,0.105555555555556,0.0722222222222222,0.0888888888888889,0.0555555555555556,0.0722222222222222,0.0555555555555556,0.0722222222222222,0.0722222222222222,0.0555555555555556,0.0722222222222222,0.0555555555555556
"83",0.0833333333333333,0.0520833333333333,0.0520833333333333,0.0833333333333333,0.0520833333333333,0.0677083333333333,0.0520833333333333,0.0520833333333333,0.0833333333333333,0.0677083333333333,0.0520833333333333,0.114583333333333,0.0520833333333333,0.0520833333333333,0.0833333333333333
"84",0.0833333333333333,0.0520833333333333,0.0677083333333333,0.0520833333333333,0.0677083333333333,0.0833333333333333,0.0520833333333333,0.0520833333333333,0.0520833333333333,0.0520833333333333,0.0677083333333333,0.0677083333333333,0.0989583333333333,0.0520833333333333,0.0989583333333333
"85",0.0773809523809524,0.0595238095238095,0.0773809523809524,0.0595238095238095,0.0595238095238095,0.0595238095238095,0.0595238095238095,0.0773809523809524,0.0952380952380952,0.0595238095238095,0.0595238095238095,0.0773809523809524,0.0595238095238095,0.0595238095238095,0.0595238095238095
"86",0.0529100529100529,0.0529100529100529,0.0529100529100529,0.0529100529100529,0.0529100529100529,0.132275132275132,0.0687830687830688,0.0529100529100529,0.0687830687830688,0.0846560846560847,0.0846560846560847,0.0529100529100529,0.0687830687830688,0.0687830687830688,0.0529100529100529
"87",0.0555555555555556,0.0888888888888889,0.0722222222222222,0.0555555555555556,0.0555555555555556,0.0555555555555556,0.0555555555555556,0.0722222222222222,0.0555555555555556,0.0722222222222222,0.0722222222222222,0.0555555555555556,0.0722222222222222,0.0888888888888889,0.0722222222222222
"88",0.0537634408602151,0.0698924731182796,0.0537634408602151,0.102150537634409,0.0537634408602151,0.0698924731182796,0.0698924731182796,0.0698924731182796,0.102150537634409,0.0537634408602151,0.0860215053763441,0.0537634408602151,0.0537634408602151,0.0537634408602151,0.0537634408602151
"89",0.0537634408602151,0.0860215053763441,0.0698924731182796,0.0698924731182796,0.0698924731182796,0.0860215053763441,0.0537634408602151,0.0537634408602151,0.0537634408602151,0.0860215053763441,0.0537634408602151,0.0698924731182796,0.0698924731182796,0.0537634408602151,0.0698924731182796
"90",0.0574712643678161,0.0747126436781609,0.0574712643678161,0.0747126436781609,0.0747126436781609,0.0747126436781609,0.0574712643678161,0.0574712643678161,0.0747126436781609,0.0574712643678161,0.0574712643678161,0.0747126436781609,0.0919540229885058,0.0574712643678161,0.0574712643678161
"91",0.0520833333333333,0.0520833333333333,0.0520833333333333,0.0520833333333333,0.0520833333333333,0.0677083333333333,0.0520833333333333,0.0520833333333333,0.0677083333333333,0.0989583333333333,0.0677083333333333,0.0677083333333333,0.0833333333333333,0.0677083333333333,0.114583333333333
"92",0.0537634408602151,0.0537634408602151,0.0537634408602151,0.118279569892473,0.0698924731182796,0.0537634408602151,0.0537634408602151,0.0698924731182796,0.0537634408602151,0.0537634408602151,0.150537634408602,0.0537634408602151,0.0537634408602151,0.0537634408602151,0.0537634408602151
"93",0.0529100529100529,0.0529100529100529,0.0846560846560847,0.0529100529100529,0.0687830687830688,0.100529100529101,0.0846560846560847,0.0846560846560847,0.0687830687830688,0.0687830687830688,0.0529100529100529,0.0529100529100529,0.0687830687830688,0.0529100529100529,0.0529100529100529
"94",0.0606060606060606,0.0787878787878788,0.0606060606060606,0.0787878787878788,0.0787878787878788,0.0606060606060606,0.0606060606060606,0.0606060606060606,0.0606060606060606,0.096969696969697,0.0606060606060606,0.0606060606060606,0.0606060606060606,0.0606060606060606,0.0606060606060606
"95",0.0564971751412429,0.0903954802259887,0.0564971751412429,0.0564971751412429,0.0734463276836158,0.0564971751412429,0.0734463276836158,0.0903954802259887,0.0734463276836158,0.0734463276836158,0.0564971751412429,0.0564971751412429,0.0734463276836158,0.0564971751412429,0.0564971751412429
"96",0.0606060606060606,0.0606060606060606,0.0606060606060606,0.0606060606060606,0.0606060606060606,0.0606060606060606,0.0787878787878788,0.0606060606060606,0.0787878787878788,0.0606060606060606,0.0787878787878788,0.0606060606060606,0.0787878787878788,0.0787878787878788,0.0606060606060606
"97",0.0574712643678161,0.0574712643678161,0.0574712643678161,0.109195402298851,0.0574712643678161,0.0919540229885058,0.0574712643678161,0.0747126436781609,0.0574712643678161,0.0574712643678161,0.0574712643678161,0.0747126436781609,0.0747126436781609,0.0574712643678161,0.0574712643678161
"98",0.0555555555555556,0.0888888888888889,0.0555555555555556,0.0555555555555556,0.0555555555555556,0.0888888888888889,0.0888888888888889,0.0555555555555556,0.0555555555555556,0.0555555555555556,0.0555555555555556,0.122222222222222,0.0555555555555556,0.0555555555555556,0.0555555555555556
"99",0.0666666666666667,0.0512820512820513,0.0512820512820513,0.0974358974358975,0.0666666666666667,0.0666666666666667,0.0974358974358975,0.0512820512820513,0.0666666666666667,0.112820512820513,0.0512820512820513,0.0512820512820513,0.0666666666666667,0.0512820512820513,0.0512820512820513
"100",0.0833333333333333,0.0520833333333333,0.0677083333333333,0.0677083333333333,0.0520833333333333,0.0520833333333333,0.0520833333333333,0.0677083333333333,0.0520833333333333,0.0833333333333333,0.130208333333333,0.0520833333333333,0.0677083333333333,0.0520833333333333,0.0677083333333333
"101",0.0555555555555556,0.105555555555556,0.0888888888888889,0.0722222222222222,0.0555555555555556,0.0555555555555556,0.0722222222222222,0.0555555555555556,0.0722222222222222,0.0555555555555556,0.0555555555555556,0.0722222222222222,0.0555555555555556,0.0555555555555556,0.0722222222222222
"102",0.0555555555555556,0.0555555555555556,0.0555555555555556,0.0722222222222222,0.0555555555555556,0.0555555555555556,0.0722222222222222,0.0555555555555556,0.0555555555555556,0.0888888888888889,0.0722222222222222,0.0888888888888889,0.0888888888888889,0.0555555555555556,0.0722222222222222
"103",0.0698924731182796,0.0537634408602151,0.0698924731182796,0.0698924731182796,0.0537634408602151,0.0537634408602151,0.0860215053763441,0.0698924731182796,0.0537634408602151,0.150537634408602,0.0537634408602151,0.0537634408602151,0.0537634408602151,0.0537634408602151,0.0537634408602151
"104",0.0860215053763441,0.102150537634409,0.0537634408602151,0.0537634408602151,0.0537634408602151,0.0537634408602151,0.0537634408602151,0.0698924731182796,0.0860215053763441,0.0698924731182796,0.0537634408602151,0.0698924731182796,0.0698924731182796,0.0698924731182796,0.0537634408602151
"105",0.0546448087431694,0.0546448087431694,0.0874316939890711,0.0546448087431694,0.0546448087431694,0.0710382513661202,0.0546448087431694,0.0874316939890711,0.0546448087431694,0.0874316939890711,0.0710382513661202,0.0546448087431694,0.0710382513661202,0.0710382513661202,0.0710382513661202
"106",0.122222222222222,0.0722222222222222,0.0722222222222222,0.0555555555555556,0.0555555555555556,0.0722222222222222,0.0555555555555556,0.0555555555555556,0.0555555555555556,0.0555555555555556,0.0722222222222222,0.0722222222222222,0.0555555555555556,0.0722222222222222,0.0555555555555556
"107",0.0698924731182796,0.0537634408602151,0.0537634408602151,0.0698924731182796,0.0537634408602151,0.0537634408602151,0.102150537634409,0.0537634408602151,0.0537634408602151,0.0698924731182796,0.0698924731182796,0.102150537634409,0.0698924731182796,0.0537634408602151,0.0698924731182796
"108",0.0537634408602151,0.0537634408602151,0.0537634408602151,0.0537634408602151,0.0537634408602151,0.0537634408602151,0.118279569892473,0.0537634408602151,0.0860215053763441,0.0698924731182796,0.0537634408602151,0.0537634408602151,0.118279569892473,0.0537634408602151,0.0698924731182796
"109",0.0687830687830688,0.0529100529100529,0.0529100529100529,0.0529100529100529,0.0846560846560847,0.0687830687830688,0.0529100529100529,0.0529100529100529,0.0529100529100529,0.0529100529100529,0.17989417989418,0.0529100529100529,0.0687830687830688,0.0529100529100529,0.0529100529100529
"110",0.107344632768362,0.0903954802259887,0.0564971751412429,0.0564971751412429,0.0564971751412429,0.0564971751412429,0.0564971751412429,0.0564971751412429,0.0564971751412429,0.0564971751412429,0.0734463276836158,0.0734463276836158,0.0564971751412429,0.0734463276836158,0.0734463276836158
"111",0.0903954802259887,0.0734463276836158,0.0734463276836158,0.0564971751412429,0.0564971751412429,0.0564971751412429,0.0734463276836158,0.0564971751412429,0.0564971751412429,0.0734463276836158,0.0564971751412429,0.0564971751412429,0.0734463276836158,0.0734463276836158,0.0734463276836158
"112",0.0546448087431694,0.0710382513661202,0.0546448087431694,0.0874316939890711,0.0710382513661202,0.120218579234973,0.0546448087431694,0.0710382513661202,0.0710382513661202,0.0546448087431694,0.0546448087431694,0.0710382513661202,0.0546448087431694,0.0546448087431694,0.0546448087431694
"113",0.0529100529100529,0.0529100529100529,0.0529100529100529,0.0846560846560847,0.0529100529100529,0.0687830687830688,0.100529100529101,0.0687830687830688,0.0529100529100529,0.0846560846560847,0.0687830687830688,0.0846560846560847,0.0529100529100529,0.0529100529100529,0.0687830687830688
"114",0.0564971751412429,0.0564971751412429,0.0564971751412429,0.0903954802259887,0.107344632768362,0.0564971751412429,0.0564971751412429,0.0734463276836158,0.0564971751412429,0.0734463276836158,0.0734463276836158,0.0734463276836158,0.0564971751412429,0.0564971751412429,0.0564971751412429
"115",0.0505050505050505,0.0505050505050505,0.0505050505050505,0.0656565656565657,0.0505050505050505,0.0656565656565657,0.0505050505050505,0.095959595959596,0.0656565656565657,0.0808080808080808,0.095959595959596,0.0656565656565657,0.0808080808080808,0.0505050505050505,0.0808080808080808
"116",0.0537634408602151,0.0860215053763441,0.0698924731182796,0.0537634408602151,0.0537634408602151,0.0537634408602151,0.0537634408602151,0.118279569892473,0.0698924731182796,0.0537634408602151,0.0860215053763441,0.0537634408602151,0.0537634408602151,0.0860215053763441,0.0537634408602151
"117",0.0555555555555556,0.0722222222222222,0.0722222222222222,0.0722222222222222,0.0722222222222222,0.105555555555556,0.0722222222222222,0.0555555555555556,0.0555555555555556,0.0555555555555556,0.0555555555555556,0.0555555555555556,0.0555555555555556,0.0722222222222222,0.0722222222222222
"118",0.120218579234973,0.0546448087431694,0.0546448087431694,0.0546448087431694,0.0710382513661202,0.0546448087431694,0.0710382513661202,0.0710382513661202,0.0546448087431694,0.0874316939890711,0.0546448087431694,0.0546448087431694,0.0546448087431694,0.0874316939890711,0.0546448087431694
"119",0.0529100529100529,0.0687830687830688,0.0846560846560847,0.0529100529100529,0.0529100529100529,0.116402116402116,0.0529100529100529,0.0529100529100529,0.0687830687830688,0.0529100529100529,0.0529100529100529,0.116402116402116,0.0529100529100529,0.0687830687830688,0.0529100529100529
"120",0.130208333333333,0.0520833333333333,0.0833333333333333,0.0520833333333333,0.0677083333333333,0.0520833333333333,0.0520833333333333,0.0833333333333333,0.0677083333333333,0.0520833333333333,0.0677083333333333,0.0520833333333333,0.0677083333333333,0.0520833333333333,0.0677083333333333
"121",0.0546448087431694,0.0710382513661202,0.0546448087431694,0.0546448087431694,0.0546448087431694,0.103825136612022,0.0546448087431694,0.0546448087431694,0.0546448087431694,0.0546448087431694,0.0874316939890711,0.0710382513661202,0.0710382513661202,0.0710382513661202,0.0874316939890711
"122",0.132275132275132,0.0846560846560847,0.0529100529100529,0.0846560846560847,0.0529100529100529,0.0687830687830688,0.0529100529100529,0.0687830687830688,0.0529100529100529,0.0529100529100529,0.0687830687830688,0.0529100529100529,0.0529100529100529,0.0529100529100529,0.0687830687830688
"123",0.0555555555555556,0.0555555555555556,0.0555555555555556,0.0722222222222222,0.0722222222222222,0.122222222222222,0.0555555555555556,0.0555555555555556,0.0555555555555556,0.0722222222222222,0.0555555555555556,0.0722222222222222,0.0722222222222222,0.0555555555555556,0.0722222222222222
"124",0.0512820512820513,0.0512820512820513,0.0666666666666667,0.0666666666666667,0.112820512820513,0.128205128205128,0.0666666666666667,0.0512820512820513,0.0512820512820513,0.0512820512820513,0.0512820512820513,0.0820512820512821,0.0512820512820513,0.0512820512820513,0.0666666666666667
"125",0.0860215053763441,0.0537634408602151,0.0537634408602151,0.0537634408602151,0.0698924731182796,0.0698924731182796,0.0860215053763441,0.0698924731182796,0.0537634408602151,0.102150537634409,0.0698924731182796,0.0537634408602151,0.0537634408602151,0.0537634408602151,0.0698924731182796
"126",0.0529100529100529,0.0687830687830688,0.0529100529100529,0.0529100529100529,0.0529100529100529,0.148148148148148,0.0687830687830688,0.0529100529100529,0.0529100529100529,0.0846560846560847,0.0529100529100529,0.0687830687830688,0.0687830687830688,0.0529100529100529,0.0687830687830688
"127",0.0505050505050505,0.0505050505050505,0.0505050505050505,0.0656565656565657,0.0656565656565657,0.0808080808080808,0.0808080808080808,0.0505050505050505,0.0505050505050505,0.0808080808080808,0.111111111111111,0.0808080808080808,0.0808080808080808,0.0505050505050505,0.0505050505050505
"128",0.0710382513661202,0.0710382513661202,0.0546448087431694,0.0546448087431694,0.0546448087431694,0.120218579234973,0.0546448087431694,0.0710382513661202,0.0546448087431694,0.0710382513661202,0.0710382513661202,0.0546448087431694,0.0710382513661202,0.0546448087431694,0.0710382513661202
"129",0.0537634408602151,0.0537634408602151,0.0537634408602151,0.0698924731182796,0.0698924731182796,0.118279569892473,0.0537634408602151,0.0698924731182796,0.0537634408602151,0.0537634408602151,0.0537634408602151,0.0698924731182796,0.0537634408602151,0.102150537634409,0.0698924731182796
"130",0.0555555555555556,0.0555555555555556,0.0722222222222222,0.0555555555555556,0.0888888888888889,0.0555555555555556,0.0722222222222222,0.0722222222222222,0.0722222222222222,0.105555555555556,0.0722222222222222,0.0555555555555556,0.0555555555555556,0.0555555555555556,0.0555555555555556
"131",0.0595238095238095,0.0595238095238095,0.0773809523809524,0.0595238095238095,0.0595238095238095,0.0773809523809524,0.0595238095238095,0.0595238095238095,0.0773809523809524,0.0773809523809524,0.0595238095238095,0.0773809523809524,0.0595238095238095,0.0595238095238095,0.0773809523809524
"132",0.103825136612022,0.0710382513661202,0.103825136612022,0.0710382513661202,0.0546448087431694,0.0546448087431694,0.0546448087431694,0.0546448087431694,0.0546448087431694,0.0710382513661202,0.0710382513661202,0.0546448087431694,0.0710382513661202,0.0546448087431694,0.0546448087431694
"133",0.0574712643678161,0.0574712643678161,0.0574712643678161,0.0574712643678161,0.0574712643678161,0.0747126436781609,0.0574712643678161,0.0574712643678161,0.0919540229885058,0.109195402298851,0.0574712643678161,0.0747126436781609,0.0574712643678161,0.0574712643678161,0.0747126436781609
"134",0.0537634408602151,0.0537634408602151,0.0537634408602151,0.0537634408602151,0.0537634408602151,0.182795698924731,0.0537634408602151,0.0860215053763441,0.0537634408602151,0.0537634408602151,0.0537634408602151,0.0698924731182796,0.0537634408602151,0.0537634408602151,0.0698924731182796
"135",0.102150537634409,0.0537634408602151,0.0860215053763441,0.0537634408602151,0.0537634408602151,0.102150537634409,0.0537634408602151,0.0537634408602151,0.0698924731182796,0.0698924731182796,0.0860215053763441,0.0537634408602151,0.0537634408602151,0.0537634408602151,0.0537634408602151
"136",0.0860215053763441,0.0537634408602151,0.0537634408602151,0.0537634408602151,0.0537634408602151,0.134408602150538,0.0698924731182796,0.0537634408602151,0.0537634408602151,0.0698924731182796,0.0537634408602151,0.102150537634409,0.0537634408602151,0.0537634408602151,0.0537634408602151
"137",0.0903954802259887,0.0564971751412429,0.0564971751412429,0.0734463276836158,0.0564971751412429,0.0903954802259887,0.0564971751412429,0.0903954802259887,0.0734463276836158,0.0564971751412429,0.0564971751412429,0.0564971751412429,0.0564971751412429,0.0564971751412429,0.0734463276836158
