"","V1","V2","V3","V4","V5","V6","V7","V8","V9","V10","V11","V12","V13","V14","V15"
"1",0.0710382513661202,0.0546448087431694,0.0546448087431694,0.0546448087431694,0.0710382513661202,0.0546448087431694,0.0546448087431694,0.0874316939890711,0.0710382513661202,0.0546448087431694,0.0710382513661202,0.0710382513661202,0.0710382513661202,0.0710382513661202,0.0874316939890711
"2",0.0546448087431694,0.0546448087431694,0.0710382513661202,0.0546448087431694,0.0546448087431694,0.0710382513661202,0.0546448087431694,0.103825136612022,0.0710382513661202,0.0874316939890711,0.0546448087431694,0.0874316939890711,0.0546448087431694,0.0546448087431694,0.0710382513661202
"3",0.0760233918128655,0.0584795321637427,0.0760233918128655,0.111111111111111,0.0760233918128655,0.0584795321637427,0.0584795321637427,0.0584795321637427,0.0584795321637427,0.0584795321637427,0.0584795321637427,0.0760233918128655,0.0584795321637427,0.0584795321637427,0.0584795321637427
"4",0.0722222222222222,0.0555555555555556,0.0722222222222222,0.0722222222222222,0.0722222222222222,0.0555555555555556,0.0555555555555556,0.0888888888888889,0.0555555555555556,0.0555555555555556,0.0722222222222222,0.0555555555555556,0.0888888888888889,0.0722222222222222,0.0555555555555556
"5",0.0546448087431694,0.0710382513661202,0.0546448087431694,0.0546448087431694,0.0546448087431694,0.0710382513661202,0.153005464480874,0.0710382513661202,0.0546448087431694,0.0546448087431694,0.0710382513661202,0.0710382513661202,0.0546448087431694,0.0546448087431694,0.0546448087431694
"6",0.0574712643678161,0.0574712643678161,0.0747126436781609,0.0574712643678161,0.0747126436781609,0.0919540229885058,0.0574712643678161,0.0574712643678161,0.0574712643678161,0.0574712643678161,0.0919540229885058,0.0747126436781609,0.0574712643678161,0.0574712643678161,0.0747126436781609
"7",0.0529100529100529,0.0529100529100529,0.0687830687830688,0.0687830687830688,0.0846560846560847,0.0529100529100529,0.0846560846560847,0.0687830687830688,0.0529100529100529,0.0846560846560847,0.0687830687830688,0.0687830687830688,0.0529100529100529,0.0529100529100529,0.0846560846560847
"8",0.0874316939890711,0.103825136612022,0.0546448087431694,0.0710382513661202,0.0546448087431694,0.0710382513661202,0.0710382513661202,0.0546448087431694,0.0546448087431694,0.0546448087431694,0.0710382513661202,0.0710382513661202,0.0546448087431694,0.0710382513661202,0.0546448087431694
"9",0.0734463276836158,0.0734463276836158,0.0564971751412429,0.0564971751412429,0.0734463276836158,0.0564971751412429,0.0564971751412429,0.0564971751412429,0.0734463276836158,0.0564971751412429,0.0564971751412429,0.0903954802259887,0.0734463276836158,0.0734463276836158,0.0734463276836158
"10",0.0617283950617284,0.0617283950617284,0.0617283950617284,0.0617283950617284,0.0617283950617284,0.0802469135802469,0.0617283950617284,0.0802469135802469,0.0987654320987654,0.0617283950617284,0.0617283950617284,0.0617283950617284,0.0617283950617284,0.0617283950617284,0.0617283950617284
"11",0.0574712643678161,0.0747126436781609,0.0747126436781609,0.0574712643678161,0.0574712643678161,0.0574712643678161,0.0574712643678161,0.0919540229885058,0.0574712643678161,0.0574712643678161,0.0574712643678161,0.0747126436781609,0.0747126436781609,0.0574712643678161,0.0919540229885058
"12",0.0710382513661202,0.0710382513661202,0.0546448087431694,0.0546448087431694,0.0546448087431694,0.0874316939890711,0.0710382513661202,0.0710382513661202,0.0546448087431694,0.0710382513661202,0.0710382513661202,0.0546448087431694,0.103825136612022,0.0546448087431694,0.0546448087431694
"13",0.0760233918128655,0.0584795321637427,0.0935672514619883,0.0760233918128655,0.0584795321637427,0.0584795321637427,0.0584795321637427,0.0760233918128655,0.0584795321637427,0.0584795321637427,0.0584795321637427,0.0584795321637427,0.0760233918128655,0.0584795321637427,0.0760233918128655
"14",0.0760233918128655,0.0584795321637427,0.0584795321637427,0.0584795321637427,0.0760233918128655,0.0760233918128655,0.0584795321637427,0.0584795321637427,0.0584795321637427,0.0584795321637427,0.0760233918128655,0.0760233918128655,0.0760233918128655,0.0760233918128655,0.0584795321637427
"15",0.0584795321637427,0.0760233918128655,0.0584795321637427,0.111111111111111,0.0760233918128655,0.0760233918128655,0.0584795321637427,0.0760233918128655,0.0584795321637427,0.0584795321637427,0.0584795321637427,0.0584795321637427,0.0584795321637427,0.0584795321637427,0.0584795321637427
"16",0.0952380952380952,0.0595238095238095,0.0595238095238095,0.0952380952380952,0.0595238095238095,0.0595238095238095,0.0595238095238095,0.0773809523809524,0.0595238095238095,0.0773809523809524,0.0595238095238095,0.0595238095238095,0.0595238095238095,0.0595238095238095,0.0595238095238095
"17",0.0595238095238095,0.0595238095238095,0.0595238095238095,0.0595238095238095,0.0952380952380952,0.0595238095238095,0.0595238095238095,0.0773809523809524,0.0595238095238095,0.0952380952380952,0.0595238095238095,0.0595238095238095,0.0773809523809524,0.0595238095238095,0.0595238095238095
"18",0.0595238095238095,0.0595238095238095,0.0595238095238095,0.0595238095238095,0.0952380952380952,0.0595238095238095,0.0952380952380952,0.0773809523809524,0.0773809523809524,0.0595238095238095,0.0595238095238095,0.0595238095238095,0.0595238095238095,0.0595238095238095,0.0595238095238095
"19",0.0574712643678161,0.0747126436781609,0.0919540229885058,0.0574712643678161,0.0574712643678161,0.0747126436781609,0.0574712643678161,0.0574712643678161,0.0574712643678161,0.0574712643678161,0.0574712643678161,0.0919540229885058,0.0574712643678161,0.0747126436781609,0.0747126436781609
"20",0.0760233918128655,0.0584795321637427,0.0584795321637427,0.0584795321637427,0.0760233918128655,0.0584795321637427,0.0584795321637427,0.111111111111111,0.0584795321637427,0.0584795321637427,0.0584795321637427,0.0584795321637427,0.0760233918128655,0.0584795321637427,0.0760233918128655
"21",0.0529100529100529,0.0687830687830688,0.0687830687830688,0.0529100529100529,0.0529100529100529,0.0687830687830688,0.0687830687830688,0.0687830687830688,0.0529100529100529,0.0529100529100529,0.0687830687830688,0.0846560846560847,0.0687830687830688,0.100529100529101,0.0687830687830688
"22",0.0617283950617284,0.0617283950617284,0.0802469135802469,0.0617283950617284,0.0802469135802469,0.0617283950617284,0.0617283950617284,0.0617283950617284,0.0987654320987654,0.0617283950617284,0.0617283950617284,0.0617283950617284,0.0617283950617284,0.0617283950617284,0.0617283950617284
"23",0.0529100529100529,0.100529100529101,0.0529100529100529,0.0529100529100529,0.0687830687830688,0.0529100529100529,0.0846560846560847,0.0846560846560847,0.0529100529100529,0.0529100529100529,0.0529100529100529,0.0529100529100529,0.116402116402116,0.0529100529100529,0.0687830687830688
"24",0.0874316939890711,0.0546448087431694,0.0546448087431694,0.0546448087431694,0.0710382513661202,0.0710382513661202,0.0710382513661202,0.0546448087431694,0.120218579234973,0.0546448087431694,0.0546448087431694,0.0546448087431694,0.0710382513661202,0.0710382513661202,0.0546448087431694
"25",0.0722222222222222,0.0555555555555556,0.0555555555555556,0.0555555555555556,0.0722222222222222,0.0555555555555556,0.138888888888889,0.0555555555555556,0.0555555555555556,0.0555555555555556,0.0722222222222222,0.0555555555555556,0.0722222222222222,0.0555555555555556,0.0722222222222222
"26",0.0584795321637427,0.0584795321637427,0.0760233918128655,0.0584795321637427,0.0935672514619883,0.0584795321637427,0.0584795321637427,0.0584795321637427,0.0584795321637427,0.0584795321637427,0.0584795321637427,0.0584795321637427,0.0760233918128655,0.0584795321637427,0.111111111111111
"27",0.0555555555555556,0.0888888888888889,0.0722222222222222,0.0722222222222222,0.0555555555555556,0.0555555555555556,0.0888888888888889,0.0555555555555556,0.0555555555555556,0.0722222222222222,0.0555555555555556,0.0722222222222222,0.0888888888888889,0.0555555555555556,0.0555555555555556
"28",0.0520833333333333,0.0520833333333333,0.0833333333333333,0.0677083333333333,0.0677083333333333,0.0833333333333333,0.0677083333333333,0.0677083333333333,0.0520833333333333,0.0520833333333333,0.0833333333333333,0.0520833333333333,0.0989583333333333,0.0520833333333333,0.0677083333333333
"29",0.0546448087431694,0.0710382513661202,0.0710382513661202,0.0710382513661202,0.0546448087431694,0.0546448087431694,0.136612021857924,0.0546448087431694,0.0546448087431694,0.0546448087431694,0.0546448087431694,0.0874316939890711,0.0710382513661202,0.0546448087431694,0.0546448087431694
"30",0.0747126436781609,0.0574712643678161,0.0574712643678161,0.0747126436781609,0.0574712643678161,0.0574712643678161,0.0919540229885058,0.0574712643678161,0.0574712643678161,0.0574712643678161,0.0574712643678161,0.0574712643678161,0.0919540229885058,0.0574712643678161,0.0919540229885058
"31",0.0555555555555556,0.0555555555555556,0.0555555555555556,0.0555555555555556,0.0555555555555556,0.0555555555555556,0.155555555555556,0.0555555555555556,0.0555555555555556,0.0888888888888889,0.0555555555555556,0.0722222222222222,0.0555555555555556,0.0722222222222222,0.0555555555555556
"32",0.0698924731182796,0.102150537634409,0.0537634408602151,0.0537634408602151,0.0537634408602151,0.0698924731182796,0.0860215053763441,0.0537634408602151,0.0698924731182796,0.0537634408602151,0.0537634408602151,0.0537634408602151,0.102150537634409,0.0698924731182796,0.0537634408602151
"33",0.0773809523809524,0.0595238095238095,0.0595238095238095,0.0773809523809524,0.0773809523809524,0.0595238095238095,0.0595238095238095,0.0773809523809524,0.0595238095238095,0.0773809523809524,0.0595238095238095,0.0595238095238095,0.0595238095238095,0.0595238095238095,0.0773809523809524
"34",0.0520833333333333,0.0833333333333333,0.0520833333333333,0.0677083333333333,0.0520833333333333,0.0989583333333333,0.0989583333333333,0.0833333333333333,0.0520833333333333,0.0833333333333333,0.0520833333333333,0.0520833333333333,0.0677083333333333,0.0520833333333333,0.0520833333333333
"35",0.0537634408602151,0.0698924731182796,0.0537634408602151,0.0698924731182796,0.0537634408602151,0.0698924731182796,0.0698924731182796,0.0537634408602151,0.102150537634409,0.0698924731182796,0.0537634408602151,0.0537634408602151,0.102150537634409,0.0537634408602151,0.0698924731182796
"36",0.0710382513661202,0.0546448087431694,0.0546448087431694,0.0874316939890711,0.0874316939890711,0.0546448087431694,0.0874316939890711,0.0546448087431694,0.0546448087431694,0.0710382513661202,0.0546448087431694,0.0874316939890711,0.0546448087431694,0.0710382513661202,0.0546448087431694
"37",0.0529100529100529,0.0529100529100529,0.0529100529100529,0.0529100529100529,0.0846560846560847,0.0687830687830688,0.148148148148148,0.0529100529100529,0.0529100529100529,0.0687830687830688,0.0529100529100529,0.0687830687830688,0.0687830687830688,0.0687830687830688,0.0529100529100529
"38",0.0710382513661202,0.0710382513661202,0.0710382513661202,0.0710382513661202,0.0710382513661202,0.0546448087431694,0.0710382513661202,0.0546448087431694,0.0546448087431694,0.0710382513661202,0.103825136612022,0.0710382513661202,0.0546448087431694,0.0546448087431694,0.0546448087431694
"39",0.0666666666666667,0.0820512820512821,0.0666666666666667,0.0512820512820513,0.0666666666666667,0.0512820512820513,0.0820512820512821,0.0666666666666667,0.0512820512820513,0.0666666666666667,0.0666666666666667,0.0820512820512821,0.0666666666666667,0.0820512820512821,0.0512820512820513
"40",0.0687830687830688,0.100529100529101,0.0529100529100529,0.0529100529100529,0.0529100529100529,0.0529100529100529,0.0846560846560847,0.0846560846560847,0.0529100529100529,0.0529100529100529,0.0687830687830688,0.0529100529100529,0.0846560846560847,0.0687830687830688,0.0687830687830688
"41",0.0520833333333333,0.0677083333333333,0.0520833333333333,0.0677083333333333,0.0833333333333333,0.0677083333333333,0.130208333333333,0.0520833333333333,0.0520833333333333,0.0677083333333333,0.0677083333333333,0.0833333333333333,0.0520833333333333,0.0520833333333333,0.0520833333333333
"42",0.0546448087431694,0.0546448087431694,0.0546448087431694,0.0546448087431694,0.0546448087431694,0.0710382513661202,0.169398907103825,0.0710382513661202,0.0710382513661202,0.0546448087431694,0.0546448087431694,0.0546448087431694,0.0710382513661202,0.0546448087431694,0.0546448087431694
"43",0.0687830687830688,0.0529100529100529,0.0687830687830688,0.0529100529100529,0.0687830687830688,0.0687830687830688,0.132275132275132,0.0529100529100529,0.0529100529100529,0.0687830687830688,0.0687830687830688,0.0529100529100529,0.0687830687830688,0.0687830687830688,0.0529100529100529
"44",0.0710382513661202,0.0546448087431694,0.0710382513661202,0.0546448087431694,0.0546448087431694,0.0546448087431694,0.0710382513661202,0.0710382513661202,0.0710382513661202,0.0546448087431694,0.0546448087431694,0.120218579234973,0.0874316939890711,0.0546448087431694,0.0546448087431694
"45",0.0512820512820513,0.0512820512820513,0.0512820512820513,0.0512820512820513,0.0820512820512821,0.0512820512820513,0.220512820512821,0.0512820512820513,0.0512820512820513,0.0666666666666667,0.0512820512820513,0.0512820512820513,0.0512820512820513,0.0666666666666667,0.0512820512820513
"46",0.0584795321637427,0.0584795321637427,0.0584795321637427,0.0584795321637427,0.0584795321637427,0.0935672514619883,0.0760233918128655,0.0584795321637427,0.0584795321637427,0.0935672514619883,0.0760233918128655,0.0760233918128655,0.0584795321637427,0.0584795321637427,0.0584795321637427
"47",0.0537634408602151,0.0537634408602151,0.0698924731182796,0.0698924731182796,0.0537634408602151,0.0698924731182796,0.0860215053763441,0.0537634408602151,0.0860215053763441,0.0698924731182796,0.0537634408602151,0.0537634408602151,0.102150537634409,0.0698924731182796,0.0537634408602151
"48",0.0846560846560847,0.0846560846560847,0.0846560846560847,0.0529100529100529,0.0687830687830688,0.0687830687830688,0.0846560846560847,0.0529100529100529,0.0529100529100529,0.0529100529100529,0.0687830687830688,0.0687830687830688,0.0529100529100529,0.0687830687830688,0.0529100529100529
"49",0.0546448087431694,0.0874316939890711,0.0546448087431694,0.0546448087431694,0.0546448087431694,0.0546448087431694,0.120218579234973,0.0546448087431694,0.0546448087431694,0.0710382513661202,0.0710382513661202,0.0546448087431694,0.0710382513661202,0.0546448087431694,0.0874316939890711
"50",0.0595238095238095,0.0595238095238095,0.0595238095238095,0.0595238095238095,0.0595238095238095,0.0773809523809524,0.130952380952381,0.0595238095238095,0.0595238095238095,0.0773809523809524,0.0595238095238095,0.0595238095238095,0.0595238095238095,0.0595238095238095,0.0595238095238095
"51",0.0888888888888889,0.0722222222222222,0.0722222222222222,0.0722222222222222,0.0722222222222222,0.0555555555555556,0.0722222222222222,0.0555555555555556,0.0722222222222222,0.0555555555555556,0.0555555555555556,0.0722222222222222,0.0555555555555556,0.0722222222222222,0.0555555555555556
"52",0.0747126436781609,0.0919540229885058,0.0574712643678161,0.0747126436781609,0.0747126436781609,0.0574712643678161,0.0574712643678161,0.0574712643678161,0.0574712643678161,0.0574712643678161,0.0919540229885058,0.0747126436781609,0.0574712643678161,0.0574712643678161,0.0574712643678161
"53",0.0555555555555556,0.0888888888888889,0.0555555555555556,0.0555555555555556,0.0555555555555556,0.0555555555555556,0.0888888888888889,0.0722222222222222,0.0555555555555556,0.0888888888888889,0.0555555555555556,0.0888888888888889,0.0722222222222222,0.0555555555555556,0.0555555555555556
"54",0.0698924731182796,0.0698924731182796,0.0860215053763441,0.0537634408602151,0.0537634408602151,0.0860215053763441,0.0537634408602151,0.0698924731182796,0.0537634408602151,0.0537634408602151,0.0537634408602151,0.0537634408602151,0.118279569892473,0.0698924731182796,0.0537634408602151
"55",0.0687830687830688,0.0529100529100529,0.0846560846560847,0.0529100529100529,0.0687830687830688,0.0687830687830688,0.0529100529100529,0.0687830687830688,0.0529100529100529,0.0529100529100529,0.0687830687830688,0.0846560846560847,0.116402116402116,0.0529100529100529,0.0529100529100529
"56",0.0537634408602151,0.0537634408602151,0.0698924731182796,0.0537634408602151,0.0537634408602151,0.0537634408602151,0.0860215053763441,0.0698924731182796,0.0860215053763441,0.0537634408602151,0.0537634408602151,0.0537634408602151,0.102150537634409,0.0698924731182796,0.0860215053763441
"57",0.0537634408602151,0.0537634408602151,0.0537634408602151,0.0537634408602151,0.0698924731182796,0.0537634408602151,0.182795698924731,0.0698924731182796,0.0537634408602151,0.0537634408602151,0.0537634408602151,0.0537634408602151,0.0698924731182796,0.0698924731182796,0.0537634408602151
"58",0.0537634408602151,0.0698924731182796,0.0537634408602151,0.0537634408602151,0.0537634408602151,0.0698924731182796,0.150537634408602,0.0537634408602151,0.0860215053763441,0.0537634408602151,0.0537634408602151,0.0698924731182796,0.0537634408602151,0.0698924731182796,0.0537634408602151
"59",0.0555555555555556,0.0555555555555556,0.0555555555555556,0.0722222222222222,0.0555555555555556,0.0555555555555556,0.122222222222222,0.0555555555555556,0.0555555555555556,0.0555555555555556,0.0722222222222222,0.0555555555555556,0.0722222222222222,0.0888888888888889,0.0722222222222222
"60",0.0564971751412429,0.0564971751412429,0.0564971751412429,0.0564971751412429,0.0564971751412429,0.0564971751412429,0.0734463276836158,0.0564971751412429,0.0564971751412429,0.0564971751412429,0.0734463276836158,0.0734463276836158,0.0564971751412429,0.107344632768362,0.107344632768362
"61",0.0747126436781609,0.0747126436781609,0.0574712643678161,0.0574712643678161,0.0747126436781609,0.0574712643678161,0.109195402298851,0.0919540229885058,0.0574712643678161,0.0574712643678161,0.0574712643678161,0.0574712643678161,0.0574712643678161,0.0574712643678161,0.0574712643678161
"62",0.0747126436781609,0.0747126436781609,0.0574712643678161,0.0574712643678161,0.0747126436781609,0.0747126436781609,0.0919540229885058,0.0574712643678161,0.0747126436781609,0.0574712643678161,0.0574712643678161,0.0574712643678161,0.0574712643678161,0.0574712643678161,0.0747126436781609
"63",0.0860215053763441,0.0698924731182796,0.0537634408602151,0.0537634408602151,0.0537634408602151,0.0698924731182796,0.118279569892473,0.0537634408602151,0.0698924731182796,0.102150537634409,0.0537634408602151,0.0537634408602151,0.0537634408602151,0.0537634408602151,0.0537634408602151
"64",0.0546448087431694,0.0710382513661202,0.0710382513661202,0.0546448087431694,0.0546448087431694,0.0546448087431694,0.136612021857924,0.0710382513661202,0.0546448087431694,0.0710382513661202,0.0710382513661202,0.0546448087431694,0.0546448087431694,0.0546448087431694,0.0710382513661202
"65",0.0722222222222222,0.0555555555555556,0.0555555555555556,0.0555555555555556,0.0888888888888889,0.0555555555555556,0.105555555555556,0.0555555555555556,0.0555555555555556,0.0555555555555556,0.0555555555555556,0.0555555555555556,0.105555555555556,0.0722222222222222,0.0555555555555556
"66",0.0574712643678161,0.109195402298851,0.0574712643678161,0.0574712643678161,0.0747126436781609,0.0574712643678161,0.0747126436781609,0.0574712643678161,0.0574712643678161,0.0747126436781609,0.0747126436781609,0.0574712643678161,0.0747126436781609,0.0574712643678161,0.0574712643678161
"67",0.0546448087431694,0.0546448087431694,0.0710382513661202,0.0546448087431694,0.0710382513661202,0.0546448087431694,0.169398907103825,0.0546448087431694,0.0546448087431694,0.0710382513661202,0.0546448087431694,0.0546448087431694,0.0710382513661202,0.0546448087431694,0.0546448087431694
"68",0.0722222222222222,0.0555555555555556,0.0555555555555556,0.0555555555555556,0.0555555555555556,0.0722222222222222,0.122222222222222,0.0722222222222222,0.0555555555555556,0.0555555555555556,0.0555555555555556,0.0555555555555556,0.0555555555555556,0.0888888888888889,0.0722222222222222
"69",0.0698924731182796,0.0537634408602151,0.0537634408602151,0.0537634408602151,0.0698924731182796,0.102150537634409,0.0537634408602151,0.0537634408602151,0.0537634408602151,0.0698924731182796,0.0698924731182796,0.0537634408602151,0.102150537634409,0.0860215053763441,0.0537634408602151
"70",0.0584795321637427,0.0584795321637427,0.0584795321637427,0.0584795321637427,0.0584795321637427,0.0760233918128655,0.0760233918128655,0.0584795321637427,0.0760233918128655,0.0584795321637427,0.0584795321637427,0.0760233918128655,0.0760233918128655,0.0935672514619883,0.0584795321637427
"71",0.0520833333333333,0.0833333333333333,0.0833333333333333,0.0677083333333333,0.0833333333333333,0.0520833333333333,0.0520833333333333,0.0520833333333333,0.0677083333333333,0.0677083333333333,0.0520833333333333,0.0520833333333333,0.130208333333333,0.0520833333333333,0.0520833333333333
"72",0.0555555555555556,0.0722222222222222,0.0555555555555556,0.0888888888888889,0.0555555555555556,0.0888888888888889,0.0555555555555556,0.0555555555555556,0.122222222222222,0.0555555555555556,0.0722222222222222,0.0555555555555556,0.0555555555555556,0.0555555555555556,0.0555555555555556
"73",0.0546448087431694,0.0546448087431694,0.0710382513661202,0.0710382513661202,0.0710382513661202,0.0710382513661202,0.103825136612022,0.0546448087431694,0.0710382513661202,0.0546448087431694,0.0546448087431694,0.0710382513661202,0.0710382513661202,0.0710382513661202,0.0546448087431694
"74",0.0546448087431694,0.0874316939890711,0.0546448087431694,0.0546448087431694,0.0546448087431694,0.0710382513661202,0.103825136612022,0.0874316939890711,0.0546448087431694,0.0710382513661202,0.0710382513661202,0.0546448087431694,0.0710382513661202,0.0546448087431694,0.0546448087431694
"75",0.0698924731182796,0.0537634408602151,0.0537634408602151,0.0698924731182796,0.0698924731182796,0.0537634408602151,0.0860215053763441,0.0698924731182796,0.0537634408602151,0.0698924731182796,0.0537634408602151,0.0860215053763441,0.0860215053763441,0.0537634408602151,0.0698924731182796
"76",0.0710382513661202,0.0546448087431694,0.120218579234973,0.0710382513661202,0.0710382513661202,0.0710382513661202,0.0874316939890711,0.0546448087431694,0.0546448087431694,0.0710382513661202,0.0546448087431694,0.0546448087431694,0.0546448087431694,0.0546448087431694,0.0546448087431694
"77",0.0584795321637427,0.0584795321637427,0.0584795321637427,0.0935672514619883,0.0584795321637427,0.0584795321637427,0.0760233918128655,0.0584795321637427,0.0584795321637427,0.0760233918128655,0.0584795321637427,0.0760233918128655,0.0760233918128655,0.0760233918128655,0.0584795321637427
"78",0.0564971751412429,0.0564971751412429,0.0564971751412429,0.0564971751412429,0.107344632768362,0.0734463276836158,0.0564971751412429,0.0734463276836158,0.0564971751412429,0.0734463276836158,0.0564971751412429,0.0564971751412429,0.0903954802259887,0.0564971751412429,0.0734463276836158
"79",0.0595238095238095,0.0595238095238095,0.0773809523809524,0.0595238095238095,0.0595238095238095,0.0595238095238095,0.0595238095238095,0.0595238095238095,0.0595238095238095,0.0773809523809524,0.0773809523809524,0.0595238095238095,0.0773809523809524,0.0595238095238095,0.0952380952380952
"80",0.0564971751412429,0.0734463276836158,0.0564971751412429,0.0734463276836158,0.0564971751412429,0.0734463276836158,0.107344632768362,0.0564971751412429,0.0734463276836158,0.0564971751412429,0.0734463276836158,0.0564971751412429,0.0564971751412429,0.0734463276836158,0.0564971751412429
"81",0.0584795321637427,0.0584795321637427,0.0584795321637427,0.0584795321637427,0.0760233918128655,0.0760233918128655,0.0584795321637427,0.0584795321637427,0.0935672514619883,0.0584795321637427,0.0584795321637427,0.0760233918128655,0.0760233918128655,0.0584795321637427,0.0760233918128655
"82",0.0574712643678161,0.0574712643678161,0.0574712643678161,0.0747126436781609,0.0747126436781609,0.0574712643678161,0.0574712643678161,0.0747126436781609,0.0574712643678161,0.0919540229885058,0.0574712643678161,0.109195402298851,0.0574712643678161,0.0574712643678161,0.0574712643678161
"83",0.0574712643678161,0.0574712643678161,0.0574712643678161,0.0574712643678161,0.0574712643678161,0.0574712643678161,0.0919540229885058,0.0747126436781609,0.0574712643678161,0.0574712643678161,0.0747126436781609,0.0747126436781609,0.0747126436781609,0.0747126436781609,0.0747126436781609
"84",0.0617283950617284,0.0617283950617284,0.0617283950617284,0.0617283950617284,0.0617283950617284,0.0617283950617284,0.0617283950617284,0.0617283950617284,0.0617283950617284,0.0617283950617284,0.0617283950617284,0.135802469135802,0.0617283950617284,0.0617283950617284,0.0617283950617284
"85",0.0595238095238095,0.0595238095238095,0.0595238095238095,0.0595238095238095,0.0595238095238095,0.0595238095238095,0.0773809523809524,0.0595238095238095,0.0595238095238095,0.0595238095238095,0.0773809523809524,0.0595238095238095,0.113095238095238,0.0773809523809524,0.0595238095238095
"86",0.0574712643678161,0.0574712643678161,0.0747126436781609,0.0574712643678161,0.0574712643678161,0.0574712643678161,0.0747126436781609,0.0574712643678161,0.0574712643678161,0.0574712643678161,0.0747126436781609,0.14367816091954,0.0574712643678161,0.0574712643678161,0.0574712643678161
"87",0.0529100529100529,0.0529100529100529,0.0687830687830688,0.0529100529100529,0.0529100529100529,0.116402116402116,0.0529100529100529,0.0687830687830688,0.100529100529101,0.0687830687830688,0.0687830687830688,0.0529100529100529,0.0687830687830688,0.0529100529100529,0.0687830687830688
"88",0.0574712643678161,0.0574712643678161,0.0574712643678161,0.0574712643678161,0.0574712643678161,0.0574712643678161,0.109195402298851,0.0574712643678161,0.0574712643678161,0.0574712643678161,0.0574712643678161,0.126436781609195,0.0747126436781609,0.0574712643678161,0.0574712643678161
"89",0.0537634408602151,0.0698924731182796,0.0537634408602151,0.0537634408602151,0.0698924731182796,0.0537634408602151,0.102150537634409,0.0860215053763441,0.0537634408602151,0.0537634408602151,0.0537634408602151,0.118279569892473,0.0537634408602151,0.0537634408602151,0.0698924731182796
"90",0.0722222222222222,0.0888888888888889,0.0555555555555556,0.0555555555555556,0.0555555555555556,0.0555555555555556,0.0555555555555556,0.0722222222222222,0.0555555555555556,0.0555555555555556,0.0555555555555556,0.0722222222222222,0.0888888888888889,0.0555555555555556,0.105555555555556
"91",0.0546448087431694,0.0546448087431694,0.0546448087431694,0.0710382513661202,0.0710382513661202,0.0546448087431694,0.169398907103825,0.0546448087431694,0.0546448087431694,0.0874316939890711,0.0546448087431694,0.0546448087431694,0.0546448087431694,0.0546448087431694,0.0546448087431694
"92",0.0497512437810945,0.0796019900497513,0.0497512437810945,0.0646766169154229,0.0497512437810945,0.0497512437810945,0.0646766169154229,0.0646766169154229,0.0646766169154229,0.0796019900497513,0.0646766169154229,0.0497512437810945,0.109452736318408,0.109452736318408,0.0497512437810945
"93",0.0546448087431694,0.0546448087431694,0.0710382513661202,0.0710382513661202,0.0710382513661202,0.0546448087431694,0.0710382513661202,0.0546448087431694,0.0546448087431694,0.0546448087431694,0.0710382513661202,0.0546448087431694,0.103825136612022,0.103825136612022,0.0546448087431694
"94",0.0773809523809524,0.0595238095238095,0.0595238095238095,0.0595238095238095,0.0595238095238095,0.0773809523809524,0.0595238095238095,0.0595238095238095,0.0595238095238095,0.0595238095238095,0.0595238095238095,0.0773809523809524,0.113095238095238,0.0595238095238095,0.0595238095238095
"95",0.0555555555555556,0.0555555555555556,0.0555555555555556,0.0555555555555556,0.0555555555555556,0.0722222222222222,0.122222222222222,0.0722222222222222,0.0555555555555556,0.0555555555555556,0.0555555555555556,0.0555555555555556,0.0555555555555556,0.122222222222222,0.0555555555555556
"96",0.0584795321637427,0.0584795321637427,0.0760233918128655,0.0584795321637427,0.0584795321637427,0.0584795321637427,0.0760233918128655,0.0584795321637427,0.0760233918128655,0.0584795321637427,0.0760233918128655,0.0760233918128655,0.0935672514619883,0.0584795321637427,0.0584795321637427
"97",0.0584795321637427,0.0584795321637427,0.0584795321637427,0.0584795321637427,0.0760233918128655,0.0760233918128655,0.0584795321637427,0.0584795321637427,0.0584795321637427,0.111111111111111,0.0584795321637427,0.0935672514619883,0.0584795321637427,0.0584795321637427,0.0584795321637427
"98",0.0687830687830688,0.0687830687830688,0.0687830687830688,0.0529100529100529,0.0687830687830688,0.0687830687830688,0.0846560846560847,0.0687830687830688,0.0529100529100529,0.0529100529100529,0.0529100529100529,0.100529100529101,0.0529100529100529,0.0529100529100529,0.0846560846560847
"99",0.0529100529100529,0.0529100529100529,0.0529100529100529,0.0529100529100529,0.0846560846560847,0.0529100529100529,0.0846560846560847,0.0687830687830688,0.0846560846560847,0.116402116402116,0.0687830687830688,0.0529100529100529,0.0529100529100529,0.0529100529100529,0.0687830687830688
"100",0.0574712643678161,0.0574712643678161,0.0747126436781609,0.0574712643678161,0.0574712643678161,0.0574712643678161,0.0919540229885058,0.0919540229885058,0.0574712643678161,0.0574712643678161,0.0747126436781609,0.0747126436781609,0.0747126436781609,0.0574712643678161,0.0574712643678161
"101",0.0574712643678161,0.0574712643678161,0.0747126436781609,0.0574712643678161,0.0574712643678161,0.0574712643678161,0.0574712643678161,0.0747126436781609,0.0574712643678161,0.0574712643678161,0.0574712643678161,0.109195402298851,0.0747126436781609,0.0747126436781609,0.0747126436781609
"102",0.0595238095238095,0.0595238095238095,0.0595238095238095,0.0595238095238095,0.0773809523809524,0.0595238095238095,0.0773809523809524,0.0595238095238095,0.0595238095238095,0.0595238095238095,0.0595238095238095,0.113095238095238,0.0595238095238095,0.0595238095238095,0.0773809523809524
"103",0.0546448087431694,0.0546448087431694,0.0546448087431694,0.0546448087431694,0.0710382513661202,0.0546448087431694,0.0710382513661202,0.0710382513661202,0.0546448087431694,0.0546448087431694,0.0546448087431694,0.103825136612022,0.0710382513661202,0.0710382513661202,0.103825136612022
"104",0.0555555555555556,0.0888888888888889,0.0722222222222222,0.0722222222222222,0.0555555555555556,0.0722222222222222,0.0555555555555556,0.0555555555555556,0.0555555555555556,0.0555555555555556,0.0722222222222222,0.0722222222222222,0.105555555555556,0.0555555555555556,0.0555555555555556
"105",0.0710382513661202,0.0546448087431694,0.0546448087431694,0.0546448087431694,0.0710382513661202,0.103825136612022,0.0710382513661202,0.0874316939890711,0.0546448087431694,0.0546448087431694,0.0710382513661202,0.0874316939890711,0.0546448087431694,0.0546448087431694,0.0546448087431694
"106",0.0710382513661202,0.0710382513661202,0.0546448087431694,0.0546448087431694,0.0710382513661202,0.0546448087431694,0.0546448087431694,0.103825136612022,0.0546448087431694,0.0546448087431694,0.0710382513661202,0.0710382513661202,0.0874316939890711,0.0710382513661202,0.0546448087431694
"107",0.0584795321637427,0.0584795321637427,0.0760233918128655,0.0584795321637427,0.0935672514619883,0.0584795321637427,0.0584795321637427,0.0584795321637427,0.0584795321637427,0.0584795321637427,0.0584795321637427,0.111111111111111,0.0584795321637427,0.0760233918128655,0.0584795321637427
"108",0.0595238095238095,0.0773809523809524,0.0595238095238095,0.0595238095238095,0.0773809523809524,0.0595238095238095,0.0773809523809524,0.0595238095238095,0.0595238095238095,0.0595238095238095,0.0595238095238095,0.113095238095238,0.0595238095238095,0.0595238095238095,0.0595238095238095
"109",0.0760233918128655,0.0584795321637427,0.0935672514619883,0.0584795321637427,0.0760233918128655,0.0760233918128655,0.0760233918128655,0.0584795321637427,0.0584795321637427,0.0584795321637427,0.0584795321637427,0.0760233918128655,0.0584795321637427,0.0584795321637427,0.0584795321637427
"110",0.0555555555555556,0.0722222222222222,0.0555555555555556,0.0722222222222222,0.0555555555555556,0.0722222222222222,0.105555555555556,0.0888888888888889,0.0722222222222222,0.0555555555555556,0.0722222222222222,0.0555555555555556,0.0555555555555556,0.0555555555555556,0.0555555555555556
"111",0.0564971751412429,0.0564971751412429,0.0734463276836158,0.0564971751412429,0.0734463276836158,0.0734463276836158,0.0564971751412429,0.0734463276836158,0.0903954802259887,0.0564971751412429,0.0564971751412429,0.0903954802259887,0.0734463276836158,0.0564971751412429,0.0564971751412429
"112",0.0574712643678161,0.0747126436781609,0.0574712643678161,0.0574712643678161,0.0574712643678161,0.0574712643678161,0.0747126436781609,0.0574712643678161,0.0574712643678161,0.0574712643678161,0.0919540229885058,0.0574712643678161,0.0919540229885058,0.0574712643678161,0.0919540229885058
"113",0.0617283950617284,0.0617283950617284,0.0802469135802469,0.0802469135802469,0.0802469135802469,0.0802469135802469,0.0617283950617284,0.0617283950617284,0.0617283950617284,0.0617283950617284,0.0617283950617284,0.0617283950617284,0.0617283950617284,0.0617283950617284,0.0617283950617284
"114",0.0555555555555556,0.0888888888888889,0.105555555555556,0.0722222222222222,0.0555555555555556,0.0555555555555556,0.0555555555555556,0.0555555555555556,0.0888888888888889,0.0722222222222222,0.0555555555555556,0.0555555555555556,0.0722222222222222,0.0555555555555556,0.0555555555555556
"115",0.0537634408602151,0.0537634408602151,0.0537634408602151,0.0537634408602151,0.0537634408602151,0.0537634408602151,0.166666666666667,0.0537634408602151,0.0698924731182796,0.0698924731182796,0.0537634408602151,0.0698924731182796,0.0698924731182796,0.0537634408602151,0.0698924731182796
"116",0.100529100529101,0.0687830687830688,0.0529100529100529,0.0529100529100529,0.0687830687830688,0.0529100529100529,0.132275132275132,0.0687830687830688,0.0687830687830688,0.0529100529100529,0.0529100529100529,0.0529100529100529,0.0687830687830688,0.0529100529100529,0.0529100529100529
"117",0.0529100529100529,0.148148148148148,0.0687830687830688,0.0529100529100529,0.0846560846560847,0.0687830687830688,0.0529100529100529,0.0687830687830688,0.0529100529100529,0.0529100529100529,0.0687830687830688,0.0687830687830688,0.0529100529100529,0.0529100529100529,0.0529100529100529
"118",0.0903954802259887,0.0903954802259887,0.0564971751412429,0.0564971751412429,0.0564971751412429,0.0564971751412429,0.0903954802259887,0.0564971751412429,0.0734463276836158,0.0564971751412429,0.0564971751412429,0.0564971751412429,0.0734463276836158,0.0734463276836158,0.0564971751412429
"119",0.0734463276836158,0.0564971751412429,0.107344632768362,0.0564971751412429,0.0564971751412429,0.0734463276836158,0.0564971751412429,0.0564971751412429,0.0564971751412429,0.0564971751412429,0.0734463276836158,0.0564971751412429,0.0734463276836158,0.0564971751412429,0.0903954802259887
"120",0.100529100529101,0.0687830687830688,0.0687830687830688,0.0687830687830688,0.0529100529100529,0.0687830687830688,0.0687830687830688,0.0529100529100529,0.0529100529100529,0.0687830687830688,0.0529100529100529,0.0846560846560847,0.0687830687830688,0.0529100529100529,0.0687830687830688
"121",0.0529100529100529,0.0846560846560847,0.0846560846560847,0.0687830687830688,0.0529100529100529,0.0687830687830688,0.0529100529100529,0.0687830687830688,0.0846560846560847,0.0687830687830688,0.0687830687830688,0.0687830687830688,0.0529100529100529,0.0687830687830688,0.0529100529100529
"122",0.0710382513661202,0.0710382513661202,0.120218579234973,0.0546448087431694,0.0546448087431694,0.0710382513661202,0.0546448087431694,0.0546448087431694,0.0710382513661202,0.0546448087431694,0.0546448087431694,0.0546448087431694,0.103825136612022,0.0546448087431694,0.0546448087431694
"123",0.0537634408602151,0.134408602150538,0.0698924731182796,0.0537634408602151,0.0537634408602151,0.0537634408602151,0.0537634408602151,0.0537634408602151,0.0537634408602151,0.0537634408602151,0.0537634408602151,0.0537634408602151,0.118279569892473,0.0698924731182796,0.0698924731182796
"124",0.0537634408602151,0.0698924731182796,0.0698924731182796,0.0537634408602151,0.0537634408602151,0.0860215053763441,0.0537634408602151,0.0537634408602151,0.0537634408602151,0.0698924731182796,0.0698924731182796,0.0698924731182796,0.118279569892473,0.0537634408602151,0.0698924731182796
"125",0.0595238095238095,0.0952380952380952,0.0595238095238095,0.0595238095238095,0.0595238095238095,0.0595238095238095,0.0595238095238095,0.0595238095238095,0.0595238095238095,0.0773809523809524,0.0595238095238095,0.113095238095238,0.0595238095238095,0.0595238095238095,0.0595238095238095
"126",0.0710382513661202,0.0710382513661202,0.0546448087431694,0.0710382513661202,0.0710382513661202,0.0546448087431694,0.0546448087431694,0.0546448087431694,0.0546448087431694,0.0710382513661202,0.0546448087431694,0.0546448087431694,0.136612021857924,0.0710382513661202,0.0546448087431694
"127",0.0595238095238095,0.0773809523809524,0.0595238095238095,0.0595238095238095,0.0595238095238095,0.0952380952380952,0.0595238095238095,0.0595238095238095,0.0595238095238095,0.0595238095238095,0.0773809523809524,0.0595238095238095,0.0952380952380952,0.0595238095238095,0.0595238095238095
"128",0.0734463276836158,0.0734463276836158,0.0564971751412429,0.0564971751412429,0.0564971751412429,0.0734463276836158,0.0734463276836158,0.0734463276836158,0.0564971751412429,0.0564971751412429,0.0564971751412429,0.0734463276836158,0.0903954802259887,0.0734463276836158,0.0564971751412429
"129",0.0555555555555556,0.0722222222222222,0.0888888888888889,0.0555555555555556,0.0722222222222222,0.0555555555555556,0.0555555555555556,0.0555555555555556,0.0722222222222222,0.0722222222222222,0.0555555555555556,0.0555555555555556,0.105555555555556,0.0722222222222222,0.0555555555555556
"130",0.0564971751412429,0.0903954802259887,0.0564971751412429,0.0564971751412429,0.0734463276836158,0.0564971751412429,0.0564971751412429,0.0564971751412429,0.0903954802259887,0.0734463276836158,0.0734463276836158,0.0564971751412429,0.0564971751412429,0.0903954802259887,0.0564971751412429
"131",0.0677083333333333,0.0677083333333333,0.0989583333333333,0.0833333333333333,0.0989583333333333,0.0677083333333333,0.0520833333333333,0.0520833333333333,0.0677083333333333,0.0833333333333333,0.0520833333333333,0.0520833333333333,0.0520833333333333,0.0520833333333333,0.0520833333333333
"132",0.0656565656565657,0.0505050505050505,0.0505050505050505,0.0505050505050505,0.111111111111111,0.095959595959596,0.0505050505050505,0.095959595959596,0.0505050505050505,0.0505050505050505,0.0656565656565657,0.0656565656565657,0.0808080808080808,0.0656565656565657,0.0505050505050505
"133",0.0546448087431694,0.0874316939890711,0.0710382513661202,0.0546448087431694,0.0546448087431694,0.0546448087431694,0.103825136612022,0.0546448087431694,0.0546448087431694,0.0546448087431694,0.0546448087431694,0.0710382513661202,0.103825136612022,0.0546448087431694,0.0710382513661202
"134",0.0641025641025641,0.0641025641025641,0.0641025641025641,0.0641025641025641,0.0833333333333333,0.0641025641025641,0.0641025641025641,0.0641025641025641,0.0641025641025641,0.0833333333333333,0.0641025641025641,0.0641025641025641,0.0641025641025641,0.0641025641025641,0.0641025641025641
"135",0.0710382513661202,0.0710382513661202,0.0546448087431694,0.0710382513661202,0.0546448087431694,0.0546448087431694,0.0546448087431694,0.0874316939890711,0.0710382513661202,0.0710382513661202,0.0710382513661202,0.0546448087431694,0.0546448087431694,0.0874316939890711,0.0710382513661202
"136",0.0537634408602151,0.0537634408602151,0.0537634408602151,0.0537634408602151,0.0537634408602151,0.0698924731182796,0.0537634408602151,0.0537634408602151,0.0698924731182796,0.0860215053763441,0.0698924731182796,0.0537634408602151,0.0537634408602151,0.150537634408602,0.0698924731182796
"137",0.0537634408602151,0.0698924731182796,0.0537634408602151,0.0537634408602151,0.0698924731182796,0.0860215053763441,0.0860215053763441,0.0537634408602151,0.0537634408602151,0.0537634408602151,0.0537634408602151,0.0860215053763441,0.118279569892473,0.0537634408602151,0.0537634408602151
